1,55.9444,-3.1878,190,55.9443479055467,-3.188095442325904,null
2,55.9443479055467,-3.188095442325904,190,55.9442958110934,-3.188390884651808,trades.rare.cable
3,55.9442958110934,-3.188390884651808,190,55.944243716640095,-3.1886863269777117,null
4,55.944243716640095,-3.1886863269777117,190,55.94419162218679,-3.1889817693036155,spoon.invest.every
5,55.94419162218679,-3.1889817693036155,210,55.944041622186795,-3.189241576924751,null
6,55.944041622186795,-3.189241576924751,210,55.9438916221868,-3.1895013845458866,burn.spot.across
7,55.9438916221868,-3.1895013845458866,270,55.943591622186794,-3.1895013845458866,cars.attend.hotels
8,55.943591622186794,-3.1895013845458866,10,55.943643716640096,-3.1892059422199828,null
9,55.943643716640096,-3.1892059422199828,0,55.943643716640096,-3.1889059422199826,labels.hotels.alert
10,55.943643716640096,-3.1889059422199826,10,55.9436958110934,-3.1886104998940787,null
11,55.9436958110934,-3.1886104998940787,10,55.9437479055467,-3.188315057568175,cubs.trucks.help
12,55.9437479055467,-3.188315057568175,250,55.94346599776046,-3.1884176636111725,null
13,55.94346599776046,-3.1884176636111725,240,55.94320619013933,-3.1885676636111726,groups.ideas.script
14,55.94320619013933,-3.1885676636111726,190,55.943154095686026,-3.1888631059370764,null
15,55.943154095686026,-3.1888631059370764,190,55.943102001232724,-3.1891585482629803,null
16,55.943102001232724,-3.1891585482629803,190,55.94304990677942,-3.189453990588884,null
17,55.94304990677942,-3.189453990588884,200,55.94294730073642,-3.18973589837512,second.launch.miles
18,55.94294730073642,-3.18973589837512,190,55.94289520628312,-3.1900313407010237,null
19,55.94289520628312,-3.1900313407010237,190,55.942843111829816,-3.1903267830269275,null
20,55.942843111829816,-3.1903267830269275,190,55.942791017376514,-3.1906222253528314,null
21,55.942791017376514,-3.1906222253528314,190,55.94273892292321,-3.190917667678735,null
22,55.94273892292321,-3.190917667678735,180,55.94273892292321,-3.1912176676787354,along.spill.limp
23,55.94273892292321,-3.1912176676787354,50,55.94296873625615,-3.1910248313958296,null
24,55.94296873625615,-3.1910248313958296,50,55.943198549589084,-3.190831995112924,null
25,55.943198549589084,-3.190831995112924,40,55.94339138587199,-3.190602181779988,null
26,55.94339138587199,-3.190602181779988,50,55.94362119920493,-3.1904093454970823,sculpture.shot.melon
27,55.94362119920493,-3.1904093454970823,140,55.94381403548783,-3.190639158830018,null
28,55.94381403548783,-3.190639158830018,140,55.94400687177074,-3.1908689721629537,null
29,55.94400687177074,-3.1908689721629537,150,55.94415687177074,-3.1911287797840893,hills.giant.crate
30,55.94415687177074,-3.1911287797840893,80,55.944452314096644,-3.1910766853307893,null
31,55.944452314096644,-3.1910766853307893,90,55.94475231409665,-3.1910766853307893,estate.gave.votes
32,55.94475231409665,-3.1910766853307893,10,55.94480440854995,-3.1907812430048854,null
33,55.94480440854995,-3.1907812430048854,10,55.94485650300325,-3.1904858006789816,null
34,55.94485650300325,-3.1904858006789816,10,55.94490859745655,-3.1901903583530777,null
35,55.94490859745655,-3.1901903583530777,10,55.944960691909856,-3.189894916027174,null
36,55.944960691909856,-3.189894916027174,10,55.94501278636316,-3.18959947370127,null
37,55.94501278636316,-3.18959947370127,10,55.94506488081646,-3.189304031375366,null
38,55.94506488081646,-3.189304031375366,10,55.94511697526976,-3.1890085890494624,null
39,55.94511697526976,-3.1890085890494624,10,55.945169069723065,-3.1887131467235585,rooms.lamp.teach
40,55.945169069723065,-3.1887131467235585,70,55.9454509775093,-3.188610540680561,null
41,55.9454509775093,-3.188610540680561,60,55.94571078513044,-3.188460540680561,bend.tubes.chops
42,55.94571078513044,-3.188460540680561,0,55.94571078513044,-3.1881605406805607,null
43,55.94571078513044,-3.1881605406805607,0,55.94571078513044,-3.1878605406805605,null
44,55.94571078513044,-3.1878605406805605,350,55.945658690677135,-3.1875650983546566,null
45,55.945658690677135,-3.1875650983546566,0,55.945658690677135,-3.1872650983546564,diner.leaves.mutual
46,55.945658690677135,-3.1872650983546564,330,55.94550869067714,-3.187005290733521,spent.spoon.bolt
47,55.94550869067714,-3.187005290733521,30,55.945658690677135,-3.1867454831123854,hidden.handle.softly
48,55.945658690677135,-3.1867454831123854,270,55.94535869067713,-3.1867454831123854,dragon.bottle.crisp
49,55.94535869067713,-3.1867454831123854,300,55.945098883056,-3.1865954831123853,null
50,55.945098883056,-3.1865954831123853,290,55.94481697526976,-3.1864928770693877,rated.fired.crowds
51,55.94481697526976,-3.1864928770693877,220,55.94462413898685,-3.1867226904023234,artist.gets.react
52,55.94462413898685,-3.1867226904023234,0,55.94462413898685,-3.186422690402323,null
53,55.94462413898685,-3.186422690402323,320,55.94443130270395,-3.1861928770693875,null
54,55.94443130270395,-3.1861928770693875,300,55.94417149508281,-3.1860428770693874,organs.shape.fantastic
55,55.94417149508281,-3.1860428770693874,290,55.943889587296574,-3.1859402710263898,null
56,55.943889587296574,-3.1859402710263898,290,55.943607679510336,-3.185837664983392,record.sofa.sock
57,55.943607679510336,-3.185837664983392,10,55.94365977396364,-3.1855422226574883,null
58,55.94365977396364,-3.1855422226574883,0,55.94365977396364,-3.185242222657488,hello.love.keys
59,55.94365977396364,-3.185242222657488,320,55.94346693768073,-3.1850124093245524,sentences.sings.modern
60,55.94346693768073,-3.1850124093245524,310,55.943237124347796,-3.1848195730416466,brings.remedy.latter
61,55.943237124347796,-3.1848195730416466,190,55.943185029894494,-3.1851150153675505,null
62,55.943185029894494,-3.1851150153675505,190,55.94313293544119,-3.1854104576934543,null
63,55.94313293544119,-3.1854104576934543,200,55.94303032939819,-3.18569236547969,toned.deflection.bland
64,55.94303032939819,-3.18569236547969,310,55.942800516065255,-3.1854995291967843,dent.shins.cycle
65,55.942800516065255,-3.1854995291967843,180,55.942800516065255,-3.1857995291967844,null
66,55.942800516065255,-3.1857995291967844,180,55.942800516065255,-3.1860995291967846,null
67,55.942800516065255,-3.1860995291967846,180,55.942800516065255,-3.186399529196785,null
68,55.942800516065255,-3.186399529196785,170,55.94285261051856,-3.1866949715226887,null
69,55.94285261051856,-3.1866949715226887,180,55.94285261051856,-3.186994971522689,valve.elaborate.fortunate
70,55.94285261051856,-3.186994971522689,20,55.94295521656156,-3.186713063736453,null
71,55.94295521656156,-3.186713063736453,20,55.94305782260456,-3.1864311559502174,null
72,55.94305782260456,-3.1864311559502174,20,55.94316042864756,-3.1861492481639817,null
73,55.94316042864756,-3.1861492481639817,30,55.94331042864756,-3.185889440542846,null
74,55.94331042864756,-3.185889440542846,20,55.94341303469056,-3.1856075327566105,null
75,55.94341303469056,-3.1856075327566105,30,55.943563034690555,-3.185347725135475,null
76,55.943563034690555,-3.185347725135475,20,55.943665640733556,-3.185065817349239,null
77,55.943665640733556,-3.185065817349239,30,55.943815640733554,-3.1848060097281037,rider.mile.lime
78,55.943815640733554,-3.1848060097281037,80,55.94411108305946,-3.1847539152748037,null
79,55.94411108305946,-3.1847539152748037,80,55.94440652538537,-3.1847018208215037,null
80,55.94440652538537,-3.1847018208215037,80,55.944701967711275,-3.1846497263682036,null
81,55.944701967711275,-3.1846497263682036,80,55.94499741003718,-3.1845976319149036,null
82,55.94499741003718,-3.1845976319149036,70,55.94527931782342,-3.184495025871906,settle.title.united
83,55.94527931782342,-3.184495025871906,130,55.945509131156356,-3.184687862154812,null
84,55.945509131156356,-3.184687862154812,130,55.94573894448929,-3.1848806984377176,null
85,55.94573894448929,-3.1848806984377176,140,55.9459317807722,-3.1851105117706533,rider.aura.bulb
86,55.9459317807722,-3.1851105117706533,170,55.9459838752255,-3.185405954096557,null
87,55.9459838752255,-3.185405954096557,170,55.9460359696788,-3.185701396422461,renew.slows.basket
88,55.9460359696788,-3.185701396422461,180,55.9460359696788,-3.186001396422461,null
89,55.9460359696788,-3.186001396422461,180,55.9460359696788,-3.1863013964224614,null
90,55.9460359696788,-3.1863013964224614,180,55.9460359696788,-3.1866013964224615,null
91,55.9460359696788,-3.1866013964224615,180,55.9460359696788,-3.1869013964224617,null
92,55.9460359696788,-3.1869013964224617,180,55.9460359696788,-3.187201396422462,null
93,55.9460359696788,-3.187201396422462,180,55.9460359696788,-3.187501396422462,null
94,55.9460359696788,-3.187501396422462,180,55.9460359696788,-3.1878013964224623,null
95,55.9460359696788,-3.1878013964224623,180,55.9460359696788,-3.1881013964224625,null
96,55.9460359696788,-3.1881013964224625,180,55.9460359696788,-3.1884013964224627,null
97,55.9460359696788,-3.1884013964224627,180,55.9460359696788,-3.188701396422463,null
98,55.9460359696788,-3.188701396422463,180,55.9460359696788,-3.189001396422463,null
99,55.9460359696788,-3.189001396422463,180,55.9460359696788,-3.1893013964224632,null
100,55.9460359696788,-3.1893013964224632,180,55.9460359696788,-3.1896013964224634,null
101,55.9460359696788,-3.1896013964224634,180,55.9460359696788,-3.1899013964224636,love.behind.orchestra
102,55.9460359696788,-3.1899013964224636,320,55.9458431333959,-3.189671583089528,null
103,55.9458431333959,-3.189671583089528,320,55.94565029711299,-3.189441769756592,null
104,55.94565029711299,-3.189441769756592,320,55.945457460830085,-3.1892119564236565,null
105,55.945457460830085,-3.1892119564236565,320,55.94526462454718,-3.188982143090721,null
106,55.94526462454718,-3.188982143090721,320,55.94507178826427,-3.188752329757785,null
107,55.94507178826427,-3.188752329757785,320,55.944878951981366,-3.1885225164248494,null
108,55.944878951981366,-3.1885225164248494,330,55.94472895198137,-3.188262708803714,null
109,55.94472895198137,-3.188262708803714,320,55.94453611569846,-3.188032895470778,null
