1,55.9444,-3.1878,190,55.9443479055467,-3.188095442325904,null
2,55.9443479055467,-3.188095442325904,190,55.9442958110934,-3.188390884651808,trades.rare.cable
3,55.9442958110934,-3.188390884651808,190,55.944243716640095,-3.1886863269777117,null
4,55.944243716640095,-3.1886863269777117,190,55.94419162218679,-3.1889817693036155,spoon.invest.every
5,55.94419162218679,-3.1889817693036155,190,55.94413952773349,-3.1892772116295194,null
6,55.94413952773349,-3.1892772116295194,190,55.94408743328019,-3.189572653955423,null
7,55.94408743328019,-3.189572653955423,180,55.94408743328019,-3.1898726539554234,cliff.asleep.wedge
8,55.94408743328019,-3.1898726539554234,310,55.94385761994725,-3.1896798176725176,burn.spot.across
9,55.94385761994725,-3.1896798176725176,350,55.94380552549395,-3.189384375346614,null
10,55.94380552549395,-3.189384375346614,340,55.94370291945095,-3.189102467560378,null
11,55.94370291945095,-3.189102467560378,350,55.94365082499765,-3.1888070252344742,labels.hotels.alert
12,55.94365082499765,-3.1888070252344742,10,55.94370291945095,-3.1885115829085704,null
13,55.94370291945095,-3.1885115829085704,10,55.94375501390425,-3.1882161405826666,cubs.trucks.help
14,55.94375501390425,-3.1882161405826666,10,55.943807108357554,-3.1879206982567627,null
15,55.943807108357554,-3.1879206982567627,10,55.943859202810856,-3.187625255930859,null
16,55.943859202810856,-3.187625255930859,10,55.94391129726416,-3.187329813604955,null
17,55.94391129726416,-3.187329813604955,10,55.94396339171746,-3.187034371279051,renew.ears.tend
18,55.94396339171746,-3.187034371279051,100,55.94425883404337,-3.187086465732351,null
19,55.94425883404337,-3.187086465732351,270,55.943958834043364,-3.187086465732351,null
20,55.943958834043364,-3.187086465732351,350,55.94390673959006,-3.1867910234064474,null
21,55.94390673959006,-3.1867910234064474,130,55.944136552923,-3.186983859689353,null
22,55.944136552923,-3.186983859689353,140,55.944329389205905,-3.187213673022289,null
23,55.944329389205905,-3.187213673022289,320,55.944136552923,-3.186983859689353,null
24,55.944136552923,-3.186983859689353,300,55.943876745301864,-3.186833859689353,null
25,55.943876745301864,-3.186833859689353,20,55.943979351344865,-3.1865519519031174,null
26,55.943979351344865,-3.1865519519031174,20,55.944081957387866,-3.1862700441168816,null
27,55.944081957387866,-3.1862700441168816,80,55.94437739971377,-3.1862179496635816,null
28,55.94437739971377,-3.1862179496635816,270,55.94407739971377,-3.1862179496635816,null
29,55.94407739971377,-3.1862179496635816,110,55.94435930750001,-3.1863205557065792,null
30,55.94435930750001,-3.1863205557065792,290,55.94407739971377,-3.1862179496635816,null
31,55.94407739971377,-3.1862179496635816,220,55.94388456343086,-3.1864477629965173,null
32,55.94388456343086,-3.1864477629965173,140,55.94407739971377,-3.186677576329453,null
33,55.94407739971377,-3.186677576329453,210,55.94392739971377,-3.1869373839505886,null
34,55.94392739971377,-3.1869373839505886,120,55.944187207334906,-3.1870873839505887,null
35,55.944187207334906,-3.1870873839505887,290,55.94390529954867,-3.186984777907591,null
36,55.94390529954867,-3.186984777907591,350,55.943853205095365,-3.186689335581687,null
37,55.943853205095365,-3.186689335581687,140,55.94404604137827,-3.186919148914623,null
38,55.94404604137827,-3.186919148914623,150,55.94419604137827,-3.1871789565357584,null
39,55.94419604137827,-3.1871789565357584,100,55.94449148370418,-3.1872310509890585,null
40,55.94449148370418,-3.1872310509890585,10,55.94454357815748,-3.1869356086631546,artist.gets.react
41,55.94454357815748,-3.1869356086631546,40,55.944736414440385,-3.186705795330219,null
42,55.944736414440385,-3.186705795330219,40,55.94492925072329,-3.186475981997283,laws.merit.bleak
43,55.94492925072329,-3.186475981997283,140,55.9451220870062,-3.186705795330219,dragon.bottle.crisp
44,55.9451220870062,-3.186705795330219,120,55.94538189462733,-3.186855795330219,spent.spoon.bolt
45,55.94538189462733,-3.186855795330219,60,55.945641702248466,-3.186705795330219,hidden.handle.softly
46,55.945641702248466,-3.186705795330219,20,55.94574430829147,-3.186423887543983,posts.kicked.universally
47,55.94574430829147,-3.186423887543983,0,55.94574430829147,-3.186123887543983,null
48,55.94574430829147,-3.186123887543983,0,55.94574430829147,-3.185823887543983,null
49,55.94574430829147,-3.185823887543983,0,55.94574430829147,-3.1855238875439826,shed.desire.muddy
50,55.94574430829147,-3.1855238875439826,10,55.94579640274477,-3.185228445218079,rider.aura.bulb
51,55.94579640274477,-3.185228445218079,330,55.94564640274477,-3.1849686375969433,null
52,55.94564640274477,-3.1849686375969433,320,55.945453566461865,-3.1847388242640076,null
53,55.945453566461865,-3.1847388242640076,330,55.94530356646187,-3.184479016642872,settle.title.united
54,55.94530356646187,-3.184479016642872,230,55.94507375312893,-3.184671852925778,null
55,55.94507375312893,-3.184671852925778,240,55.944813945507796,-3.184821852925778,slide.leads.stores
56,55.944813945507796,-3.184821852925778,210,55.9446639455078,-3.1850816605469134,null
57,55.9446639455078,-3.1850816605469134,210,55.9445139455078,-3.185341468168049,null
58,55.9445139455078,-3.185341468168049,210,55.9443639455078,-3.1856012757891845,atoms.vanish.foods
59,55.9443639455078,-3.1856012757891845,280,55.944068503181896,-3.1855491813358845,manliness.poem.cliff
60,55.944068503181896,-3.1855491813358845,320,55.94387566689899,-3.185319368002949,null
61,55.94387566689899,-3.185319368002949,310,55.94364585356605,-3.185126531720043,hello.love.keys
62,55.94364585356605,-3.185126531720043,200,55.94354324752305,-3.1854084395062787,null
63,55.94354324752305,-3.1854084395062787,200,55.94344064148005,-3.1856903472925144,null
64,55.94344064148005,-3.1856903472925144,200,55.94333803543705,-3.18597225507875,null
65,55.94333803543705,-3.18597225507875,200,55.94323542939405,-3.186254162864986,null
66,55.94323542939405,-3.186254162864986,240,55.942975621772916,-3.186404162864986,null
67,55.942975621772916,-3.186404162864986,190,55.942923527319614,-3.18669960519089,null
68,55.942923527319614,-3.18669960519089,190,55.94287143286631,-3.1869950475167936,null
69,55.94287143286631,-3.1869950475167936,190,55.94281933841301,-3.1872904898426975,null
70,55.94281933841301,-3.1872904898426975,190,55.94276724395971,-3.1875859321686013,panic.squad.danger
71,55.94276724395971,-3.1875859321686013,170,55.94281933841301,-3.187881374494505,null
72,55.94281933841301,-3.187881374494505,170,55.94287143286631,-3.188176816820409,null
73,55.94287143286631,-3.188176816820409,160,55.94297403890931,-3.1884587246066447,null
74,55.94297403890931,-3.1884587246066447,150,55.94312403890931,-3.1887185322277802,null
75,55.94312403890931,-3.1887185322277802,190,55.94307194445601,-3.189013974553684,null
76,55.94307194445601,-3.189013974553684,200,55.94296933841301,-3.18929588233992,region.passes.pencil
77,55.94296933841301,-3.18929588233992,200,55.94286673237001,-3.1895777901261555,null
78,55.94286673237001,-3.1895777901261555,200,55.942764126327006,-3.189859697912391,hooked.shine.third
79,55.942764126327006,-3.189859697912391,180,55.942764126327006,-3.1901596979123914,null
80,55.942764126327006,-3.1901596979123914,170,55.94281622078031,-3.1904551402382952,tonic.bliss.cove
81,55.94281622078031,-3.1904551402382952,40,55.943009057063215,-3.1902253269053595,null
82,55.943009057063215,-3.1902253269053595,40,55.94320189334612,-3.189995513572424,shows.fries.lamp
83,55.94320189334612,-3.189995513572424,170,55.94325398779942,-3.1902909558983277,null
84,55.94325398779942,-3.1902909558983277,170,55.943306082252725,-3.1905863982242315,null
85,55.943306082252725,-3.1905863982242315,170,55.94335817670603,-3.1908818405501354,null
86,55.94335817670603,-3.1908818405501354,180,55.94335817670603,-3.1911818405501355,meal.feed.large
87,55.94335817670603,-3.1911818405501355,40,55.943551012988934,-3.1909520272172,null
88,55.943551012988934,-3.1909520272172,40,55.94374384927184,-3.190722213884264,null
89,55.94374384927184,-3.190722213884264,40,55.943936685554746,-3.1904924005513284,pump.wheels.hulk
90,55.943936685554746,-3.1904924005513284,40,55.94412952183765,-3.1902625872183927,null
91,55.94412952183765,-3.1902625872183927,40,55.94432235812056,-3.190032773885457,null
92,55.94432235812056,-3.190032773885457,40,55.944515194403465,-3.1898029605525213,null
93,55.944515194403465,-3.1898029605525213,40,55.94470803068637,-3.1895731472195856,null
94,55.94470803068637,-3.1895731472195856,40,55.94490086696928,-3.18934333388665,null
95,55.94490086696928,-3.18934333388665,50,55.94513068030221,-3.189150497603744,number.exist.rate
96,55.94513068030221,-3.189150497603744,150,55.94528068030221,-3.1894103052248797,null
97,55.94528068030221,-3.1894103052248797,150,55.94543068030221,-3.189670112846015,turkey.limit.ramp
98,55.94543068030221,-3.189670112846015,120,55.94569048792334,-3.1898201128460153,null
99,55.94569048792334,-3.1898201128460153,110,55.94597239570958,-3.189922718889013,love.behind.orchestra
100,55.94597239570958,-3.189922718889013,180,55.94597239570958,-3.190222718889013,null
101,55.94597239570958,-3.190222718889013,180,55.94597239570958,-3.1905227188890133,null
102,55.94597239570958,-3.1905227188890133,180,55.94597239570958,-3.1908227188890135,null
103,55.94597239570958,-3.1908227188890135,180,55.94597239570958,-3.1911227188890137,simple.rust.audio
104,55.94597239570958,-3.1911227188890137,250,55.94569048792334,-3.1912253249320113,skins.engage.best
105,55.94569048792334,-3.1912253249320113,0,55.94569048792334,-3.190925324932011,null
106,55.94569048792334,-3.190925324932011,0,55.94569048792334,-3.190625324932011,null
107,55.94569048792334,-3.190625324932011,0,55.94569048792334,-3.1903253249320107,null
108,55.94569048792334,-3.1903253249320107,10,55.945742582376646,-3.190029882606107,null
109,55.945742582376646,-3.190029882606107,0,55.945742582376646,-3.1897298826061067,null
110,55.945742582376646,-3.1897298826061067,10,55.94579467682995,-3.189434440280203,null
111,55.94579467682995,-3.189434440280203,0,55.94579467682995,-3.1891344402802027,null
112,55.94579467682995,-3.1891344402802027,10,55.94584677128325,-3.188838997954299,null
113,55.94584677128325,-3.188838997954299,0,55.94584677128325,-3.1885389979542986,null
114,55.94584677128325,-3.1885389979542986,10,55.94589886573655,-3.188243555628395,null
115,55.94589886573655,-3.188243555628395,0,55.94589886573655,-3.1879435556283946,null
116,55.94589886573655,-3.1879435556283946,10,55.945950960189855,-3.1876481133024908,null
117,55.945950960189855,-3.1876481133024908,0,55.945950960189855,-3.1873481133024906,slips.mass.baking
118,55.945950960189855,-3.1873481133024906,250,55.945669052403616,-3.187450719345488,null
119,55.945669052403616,-3.187450719345488,220,55.94547621612071,-3.187680532678424,null
120,55.94547621612071,-3.187680532678424,180,55.94547621612071,-3.187980532678424,null
121,55.94547621612071,-3.187980532678424,210,55.94532621612071,-3.1882403402995596,null
122,55.94532621612071,-3.1882403402995596,300,55.94506640849958,-3.1880903402995595,null
123,55.94506640849958,-3.1880903402995595,290,55.94478450071334,-3.187987734256562,null
124,55.94478450071334,-3.187987734256562,300,55.944524693092205,-3.187837734256562,null
