1,55.9444,-3.1878,190,55.9443479055467,-3.188095442325904,null
2,55.9443479055467,-3.188095442325904,190,55.9442958110934,-3.188390884651808,trades.rare.cable
3,55.9442958110934,-3.188390884651808,190,55.944243716640095,-3.1886863269777117,null
4,55.944243716640095,-3.1886863269777117,190,55.94419162218679,-3.1889817693036155,spoon.invest.every
5,55.94419162218679,-3.1889817693036155,100,55.9444870645127,-3.1890338637569156,null
6,55.9444870645127,-3.1890338637569156,100,55.94478250683861,-3.1890859582102156,null
7,55.94478250683861,-3.1890859582102156,110,55.945064414624845,-3.189188564253213,number.exist.rate
8,55.945064414624845,-3.189188564253213,70,55.94534632241108,-3.1890859582102156,null
9,55.94534632241108,-3.1890859582102156,60,55.94560613003222,-3.1889359582102155,stops.else.chats
10,55.94560613003222,-3.1889359582102155,350,55.945554035578915,-3.1886405158843116,null
11,55.945554035578915,-3.1886405158843116,350,55.94550194112561,-3.188345073558408,skills.less.herb
12,55.94550194112561,-3.188345073558408,300,55.94524213350448,-3.1881950735584077,null
13,55.94524213350448,-3.1881950735584077,300,55.944982325883345,-3.1880450735584076,agents.mile.crib
14,55.944982325883345,-3.1880450735584076,330,55.94483232588335,-3.187785265937272,null
15,55.94483232588335,-3.187785265937272,300,55.94457251826221,-3.187635265937272,null
16,55.94457251826221,-3.187635265937272,10,55.944624612715515,-3.187339823611368,null
17,55.944624612715515,-3.187339823611368,10,55.94467670716882,-3.1870443812854643,null
18,55.94467670716882,-3.1870443812854643,10,55.94472880162212,-3.1867489389595605,null
19,55.94472880162212,-3.1867489389595605,30,55.94487880162212,-3.186489131338425,laws.merit.bleak
20,55.94487880162212,-3.186489131338425,110,55.945160709408356,-3.1865917373814225,null
21,55.945160709408356,-3.1865917373814225,110,55.945442617194594,-3.18669434342442,null
22,55.945442617194594,-3.18669434342442,100,55.9457380595205,-3.18674643787772,hidden.handle.softly
23,55.9457380595205,-3.18674643787772,160,55.9458406655635,-3.187028345663956,null
24,55.9458406655635,-3.187028345663956,160,55.9459432716065,-3.1873102534501916,slips.mass.baking
25,55.9459432716065,-3.1873102534501916,350,55.9458911771532,-3.1870148111242877,null
26,55.9458911771532,-3.1870148111242877,350,55.9458390826999,-3.186719368798384,null
27,55.9458390826999,-3.186719368798384,0,55.9458390826999,-3.1864193687983837,null
28,55.9458390826999,-3.1864193687983837,350,55.945786988246596,-3.18612392647248,null
29,55.945786988246596,-3.18612392647248,0,55.945786988246596,-3.1858239264724797,null
30,55.945786988246596,-3.1858239264724797,350,55.94573489379329,-3.185528484146576,shed.desire.muddy
31,55.94573489379329,-3.185528484146576,340,55.94563228775029,-3.18524657636034,null
32,55.94563228775029,-3.18524657636034,340,55.94552968170729,-3.1849646685741044,null
33,55.94552968170729,-3.1849646685741044,330,55.945379681707294,-3.184704860952969,null
34,55.945379681707294,-3.184704860952969,340,55.94527707566429,-3.184422953166733,settle.title.united
35,55.94527707566429,-3.184422953166733,220,55.94508423938139,-3.184652766499669,null
36,55.94508423938139,-3.184652766499669,220,55.94489140309848,-3.1848825798326046,null
37,55.94489140309848,-3.1848825798326046,220,55.944698566815575,-3.1851123931655403,acid.chair.butter
38,55.944698566815575,-3.1851123931655403,240,55.94443875919444,-3.1852623931655404,null
39,55.94443875919444,-3.1852623931655404,240,55.944178951573306,-3.1854123931655405,null
40,55.944178951573306,-3.1854123931655405,240,55.94391914395217,-3.1855623931655406,manliness.poem.cliff
41,55.94391914395217,-3.1855623931655406,180,55.94391914395217,-3.1858623931655408,teams.mild.played
42,55.94391914395217,-3.1858623931655408,170,55.943971238405474,-3.1861578354914446,null
43,55.943971238405474,-3.1861578354914446,170,55.94402333285878,-3.1864532778173484,lime.learns.front
44,55.94402333285878,-3.1864532778173484,190,55.943971238405474,-3.1867487201432523,null
45,55.943971238405474,-3.1867487201432523,190,55.94391914395217,-3.187044162469156,null
46,55.94391914395217,-3.187044162469156,190,55.94386704949887,-3.18733960479506,begins.spider.drips
47,55.94386704949887,-3.18733960479506,210,55.94371704949887,-3.1875994124161955,null
48,55.94371704949887,-3.1875994124161955,210,55.943567049498874,-3.187859220037331,scare.cubs.resort
49,55.943567049498874,-3.187859220037331,280,55.94327160717297,-3.187807125584031,null
50,55.94327160717297,-3.187807125584031,280,55.94297616484706,-3.187755031130731,null
51,55.94297616484706,-3.187755031130731,290,55.94269425706082,-3.1876524250877334,panic.squad.danger
52,55.94269425706082,-3.1876524250877334,20,55.94279686310382,-3.1873705173014977,null
53,55.94279686310382,-3.1873705173014977,10,55.942848957557125,-3.187075074975594,valve.elaborate.fortunate
54,55.942848957557125,-3.187075074975594,180,55.942848957557125,-3.187375074975594,null
55,55.942848957557125,-3.187375074975594,170,55.94290105201043,-3.187670517301498,null
56,55.94290105201043,-3.187670517301498,180,55.94290105201043,-3.187970517301498,null
57,55.94290105201043,-3.187970517301498,170,55.94295314646373,-3.188265959627402,null
58,55.94295314646373,-3.188265959627402,170,55.94300524091703,-3.1885614019533057,null
59,55.94300524091703,-3.1885614019533057,180,55.94300524091703,-3.188861401953306,null
60,55.94300524091703,-3.188861401953306,180,55.94300524091703,-3.189161401953306,region.passes.pencil
61,55.94300524091703,-3.189161401953306,130,55.94323505424997,-3.189354238236212,rents.cone.stove
62,55.94323505424997,-3.189354238236212,190,55.943182959796665,-3.1896496805621157,null
63,55.943182959796665,-3.1896496805621157,180,55.943182959796665,-3.189949680562116,shows.fries.lamp
64,55.943182959796665,-3.189949680562116,130,55.9434127731296,-3.1901425168450217,arts.dish.scarcely
65,55.9434127731296,-3.1901425168450217,200,55.9433101670866,-3.1904244246312574,null
66,55.9433101670866,-3.1904244246312574,200,55.9432075610436,-3.190706332417493,null
67,55.9432075610436,-3.190706332417493,200,55.9431049550006,-3.190988240203729,else.urban.museum
68,55.9431049550006,-3.190988240203729,100,55.943400397326506,-3.191040334657029,null
69,55.943400397326506,-3.191040334657029,100,55.94369583965241,-3.191092429110329,null
70,55.94369583965241,-3.191092429110329,100,55.94399128197832,-3.191144523563629,spicy.bunch.shady
71,55.94399128197832,-3.191144523563629,80,55.94428672430423,-3.191092429110329,hills.giant.crate
72,55.94428672430423,-3.191092429110329,90,55.94458672430423,-3.191092429110329,estate.gave.votes
73,55.94458672430423,-3.191092429110329,130,55.944816537637166,-3.1912852653932346,null
74,55.944816537637166,-3.1912852653932346,130,55.9450463509701,-3.1914781016761404,hills.feels.tunes
75,55.9450463509701,-3.1914781016761404,70,55.94532825875634,-3.191375495633143,null
76,55.94532825875634,-3.191375495633143,70,55.94561016654258,-3.191272889590145,null
77,55.94561016654258,-3.191272889590145,70,55.94589207432882,-3.1911702835471476,simple.rust.audio
78,55.94589207432882,-3.1911702835471476,170,55.94594416878212,-3.1914657258730514,null
79,55.94594416878212,-3.1914657258730514,170,55.94599626323542,-3.1917611681989553,stone.undulation.poems
80,55.94599626323542,-3.1917611681989553,300,55.94573645561429,-3.191611168198955,null
81,55.94573645561429,-3.191611168198955,300,55.945476647993154,-3.191461168198955,null
82,55.945476647993154,-3.191461168198955,300,55.94521684037202,-3.191311168198955,null
83,55.94521684037202,-3.191311168198955,300,55.944957032750885,-3.191161168198955,null
84,55.944957032750885,-3.191161168198955,300,55.94469722512975,-3.191011168198955,null
85,55.94469722512975,-3.191011168198955,300,55.94443741750862,-3.1908611681989547,null
86,55.94443741750862,-3.1908611681989547,300,55.94417760988748,-3.1907111681989546,null
87,55.94417760988748,-3.1907111681989546,300,55.94391780226635,-3.1905611681989545,null
88,55.94391780226635,-3.1905611681989545,300,55.943657994645214,-3.1904111681989544,null
89,55.943657994645214,-3.1904111681989544,300,55.94339818702408,-3.1902611681989543,null
90,55.94339818702408,-3.1902611681989543,300,55.943138379402946,-3.1901111681989542,null
91,55.943138379402946,-3.1901111681989542,310,55.94290856607001,-3.1899183319160485,null
92,55.94290856607001,-3.1899183319160485,300,55.942648758448875,-3.1897683319160484,hooked.shine.third
93,55.942648758448875,-3.1897683319160484,170,55.94270085290218,-3.190063774241952,null
94,55.94270085290218,-3.190063774241952,10,55.94275294735548,-3.1897683319160484,null
95,55.94275294735548,-3.1897683319160484,190,55.94270085290218,-3.190063774241952,null
96,55.94270085290218,-3.190063774241952,10,55.94275294735548,-3.1897683319160484,null
97,55.94275294735548,-3.1897683319160484,190,55.94270085290218,-3.190063774241952,null
98,55.94270085290218,-3.190063774241952,10,55.94275294735548,-3.1897683319160484,null
99,55.94275294735548,-3.1897683319160484,190,55.94270085290218,-3.190063774241952,null
100,55.94270085290218,-3.190063774241952,10,55.94275294735548,-3.1897683319160484,null
101,55.94275294735548,-3.1897683319160484,190,55.94270085290218,-3.190063774241952,null
102,55.94270085290218,-3.190063774241952,10,55.94275294735548,-3.1897683319160484,null
103,55.94275294735548,-3.1897683319160484,190,55.94270085290218,-3.190063774241952,null
104,55.94270085290218,-3.190063774241952,10,55.94275294735548,-3.1897683319160484,null
105,55.94275294735548,-3.1897683319160484,190,55.94270085290218,-3.190063774241952,null
106,55.94270085290218,-3.190063774241952,10,55.94275294735548,-3.1897683319160484,null
107,55.94275294735548,-3.1897683319160484,190,55.94270085290218,-3.190063774241952,null
108,55.94270085290218,-3.190063774241952,10,55.94275294735548,-3.1897683319160484,null
109,55.94275294735548,-3.1897683319160484,190,55.94270085290218,-3.190063774241952,null
110,55.94270085290218,-3.190063774241952,10,55.94275294735548,-3.1897683319160484,null
111,55.94275294735548,-3.1897683319160484,190,55.94270085290218,-3.190063774241952,null
112,55.94270085290218,-3.190063774241952,10,55.94275294735548,-3.1897683319160484,null
113,55.94275294735548,-3.1897683319160484,190,55.94270085290218,-3.190063774241952,null
114,55.94270085290218,-3.190063774241952,10,55.94275294735548,-3.1897683319160484,null
115,55.94275294735548,-3.1897683319160484,190,55.94270085290218,-3.190063774241952,null
116,55.94270085290218,-3.190063774241952,10,55.94275294735548,-3.1897683319160484,null
117,55.94275294735548,-3.1897683319160484,190,55.94270085290218,-3.190063774241952,null
118,55.94270085290218,-3.190063774241952,10,55.94275294735548,-3.1897683319160484,null
119,55.94275294735548,-3.1897683319160484,190,55.94270085290218,-3.190063774241952,null
120,55.94270085290218,-3.190063774241952,10,55.94275294735548,-3.1897683319160484,null
121,55.94275294735548,-3.1897683319160484,190,55.94270085290218,-3.190063774241952,null
122,55.94270085290218,-3.190063774241952,10,55.94275294735548,-3.1897683319160484,null
123,55.94275294735548,-3.1897683319160484,190,55.94270085290218,-3.190063774241952,null
124,55.94270085290218,-3.190063774241952,10,55.94275294735548,-3.1897683319160484,null
125,55.94275294735548,-3.1897683319160484,190,55.94270085290218,-3.190063774241952,null
126,55.94270085290218,-3.190063774241952,10,55.94275294735548,-3.1897683319160484,null
127,55.94275294735548,-3.1897683319160484,190,55.94270085290218,-3.190063774241952,null
128,55.94270085290218,-3.190063774241952,10,55.94275294735548,-3.1897683319160484,null
129,55.94275294735548,-3.1897683319160484,190,55.94270085290218,-3.190063774241952,null
130,55.94270085290218,-3.190063774241952,10,55.94275294735548,-3.1897683319160484,null
131,55.94275294735548,-3.1897683319160484,190,55.94270085290218,-3.190063774241952,null
132,55.94270085290218,-3.190063774241952,10,55.94275294735548,-3.1897683319160484,null
133,55.94275294735548,-3.1897683319160484,190,55.94270085290218,-3.190063774241952,null
134,55.94270085290218,-3.190063774241952,10,55.94275294735548,-3.1897683319160484,null
135,55.94275294735548,-3.1897683319160484,190,55.94270085290218,-3.190063774241952,null
136,55.94270085290218,-3.190063774241952,10,55.94275294735548,-3.1897683319160484,null
137,55.94275294735548,-3.1897683319160484,190,55.94270085290218,-3.190063774241952,null
138,55.94270085290218,-3.190063774241952,10,55.94275294735548,-3.1897683319160484,null
139,55.94275294735548,-3.1897683319160484,190,55.94270085290218,-3.190063774241952,null
140,55.94270085290218,-3.190063774241952,10,55.94275294735548,-3.1897683319160484,null
141,55.94275294735548,-3.1897683319160484,190,55.94270085290218,-3.190063774241952,null
142,55.94270085290218,-3.190063774241952,10,55.94275294735548,-3.1897683319160484,null
143,55.94275294735548,-3.1897683319160484,190,55.94270085290218,-3.190063774241952,null
144,55.94270085290218,-3.190063774241952,10,55.94275294735548,-3.1897683319160484,null
145,55.94275294735548,-3.1897683319160484,190,55.94270085290218,-3.190063774241952,null
146,55.94270085290218,-3.190063774241952,10,55.94275294735548,-3.1897683319160484,null
147,55.94275294735548,-3.1897683319160484,190,55.94270085290218,-3.190063774241952,null
148,55.94270085290218,-3.190063774241952,10,55.94275294735548,-3.1897683319160484,null
149,55.94275294735548,-3.1897683319160484,190,55.94270085290218,-3.190063774241952,null
150,55.94270085290218,-3.190063774241952,10,55.94275294735548,-3.1897683319160484,null
