1,55.9444,-3.1878,20,55.944502606043,-3.1875180922137645,null
2,55.944502606043,-3.1875180922137645,20,55.944605212086,-3.1872361844275288,null
3,55.944605212086,-3.1872361844275288,10,55.944657306539305,-3.186940742101625,null
4,55.944657306539305,-3.186940742101625,30,55.9448073065393,-3.1866809344804894,laws.merit.bleak
5,55.9448073065393,-3.1866809344804894,320,55.9446144702564,-3.1864511211475537,null
6,55.9446144702564,-3.1864511211475537,190,55.944562375803095,-3.1867465634734575,null
7,55.944562375803095,-3.1867465634734575,190,55.94451028134979,-3.1870420057993614,null
8,55.94451028134979,-3.1870420057993614,180,55.94451028134979,-3.1873420057993616,null
9,55.94451028134979,-3.1873420057993616,0,55.94451028134979,-3.1870420057993614,null
10,55.94451028134979,-3.1870420057993614,180,55.94451028134979,-3.1873420057993616,null
11,55.94451028134979,-3.1873420057993616,0,55.94451028134979,-3.1870420057993614,null
12,55.94451028134979,-3.1870420057993614,180,55.94451028134979,-3.1873420057993616,null
13,55.94451028134979,-3.1873420057993616,0,55.94451028134979,-3.1870420057993614,null
14,55.94451028134979,-3.1870420057993614,180,55.94451028134979,-3.1873420057993616,null
15,55.94451028134979,-3.1873420057993616,0,55.94451028134979,-3.1870420057993614,null
16,55.94451028134979,-3.1870420057993614,180,55.94451028134979,-3.1873420057993616,null
17,55.94451028134979,-3.1873420057993616,0,55.94451028134979,-3.1870420057993614,null
18,55.94451028134979,-3.1870420057993614,180,55.94451028134979,-3.1873420057993616,null
19,55.94451028134979,-3.1873420057993616,0,55.94451028134979,-3.1870420057993614,null
20,55.94451028134979,-3.1870420057993614,180,55.94451028134979,-3.1873420057993616,null
21,55.94451028134979,-3.1873420057993616,0,55.94451028134979,-3.1870420057993614,null
22,55.94451028134979,-3.1870420057993614,180,55.94451028134979,-3.1873420057993616,null
23,55.94451028134979,-3.1873420057993616,0,55.94451028134979,-3.1870420057993614,null
24,55.94451028134979,-3.1870420057993614,180,55.94451028134979,-3.1873420057993616,null
25,55.94451028134979,-3.1873420057993616,0,55.94451028134979,-3.1870420057993614,null
26,55.94451028134979,-3.1870420057993614,180,55.94451028134979,-3.1873420057993616,null
27,55.94451028134979,-3.1873420057993616,0,55.94451028134979,-3.1870420057993614,null
28,55.94451028134979,-3.1870420057993614,180,55.94451028134979,-3.1873420057993616,null
29,55.94451028134979,-3.1873420057993616,0,55.94451028134979,-3.1870420057993614,null
30,55.94451028134979,-3.1870420057993614,180,55.94451028134979,-3.1873420057993616,null
31,55.94451028134979,-3.1873420057993616,0,55.94451028134979,-3.1870420057993614,null
32,55.94451028134979,-3.1870420057993614,180,55.94451028134979,-3.1873420057993616,null
33,55.94451028134979,-3.1873420057993616,0,55.94451028134979,-3.1870420057993614,null
34,55.94451028134979,-3.1870420057993614,180,55.94451028134979,-3.1873420057993616,null
35,55.94451028134979,-3.1873420057993616,0,55.94451028134979,-3.1870420057993614,null
36,55.94451028134979,-3.1870420057993614,180,55.94451028134979,-3.1873420057993616,null
37,55.94451028134979,-3.1873420057993616,0,55.94451028134979,-3.1870420057993614,null
38,55.94451028134979,-3.1870420057993614,180,55.94451028134979,-3.1873420057993616,null
39,55.94451028134979,-3.1873420057993616,0,55.94451028134979,-3.1870420057993614,null
40,55.94451028134979,-3.1870420057993614,180,55.94451028134979,-3.1873420057993616,null
41,55.94451028134979,-3.1873420057993616,0,55.94451028134979,-3.1870420057993614,null
42,55.94451028134979,-3.1870420057993614,180,55.94451028134979,-3.1873420057993616,null
43,55.94451028134979,-3.1873420057993616,0,55.94451028134979,-3.1870420057993614,null
44,55.94451028134979,-3.1870420057993614,180,55.94451028134979,-3.1873420057993616,null
45,55.94451028134979,-3.1873420057993616,0,55.94451028134979,-3.1870420057993614,null
46,55.94451028134979,-3.1870420057993614,180,55.94451028134979,-3.1873420057993616,null
47,55.94451028134979,-3.1873420057993616,0,55.94451028134979,-3.1870420057993614,null
48,55.94451028134979,-3.1870420057993614,180,55.94451028134979,-3.1873420057993616,null
49,55.94451028134979,-3.1873420057993616,0,55.94451028134979,-3.1870420057993614,null
50,55.94451028134979,-3.1870420057993614,180,55.94451028134979,-3.1873420057993616,null
51,55.94451028134979,-3.1873420057993616,0,55.94451028134979,-3.1870420057993614,null
52,55.94451028134979,-3.1870420057993614,180,55.94451028134979,-3.1873420057993616,null
53,55.94451028134979,-3.1873420057993616,0,55.94451028134979,-3.1870420057993614,null
54,55.94451028134979,-3.1870420057993614,180,55.94451028134979,-3.1873420057993616,null
55,55.94451028134979,-3.1873420057993616,0,55.94451028134979,-3.1870420057993614,null
56,55.94451028134979,-3.1870420057993614,180,55.94451028134979,-3.1873420057993616,null
57,55.94451028134979,-3.1873420057993616,0,55.94451028134979,-3.1870420057993614,null
58,55.94451028134979,-3.1870420057993614,180,55.94451028134979,-3.1873420057993616,null
59,55.94451028134979,-3.1873420057993616,0,55.94451028134979,-3.1870420057993614,null
60,55.94451028134979,-3.1870420057993614,180,55.94451028134979,-3.1873420057993616,null
61,55.94451028134979,-3.1873420057993616,0,55.94451028134979,-3.1870420057993614,null
62,55.94451028134979,-3.1870420057993614,180,55.94451028134979,-3.1873420057993616,null
63,55.94451028134979,-3.1873420057993616,0,55.94451028134979,-3.1870420057993614,null
64,55.94451028134979,-3.1870420057993614,180,55.94451028134979,-3.1873420057993616,null
65,55.94451028134979,-3.1873420057993616,0,55.94451028134979,-3.1870420057993614,null
66,55.94451028134979,-3.1870420057993614,180,55.94451028134979,-3.1873420057993616,null
67,55.94451028134979,-3.1873420057993616,0,55.94451028134979,-3.1870420057993614,null
68,55.94451028134979,-3.1870420057993614,180,55.94451028134979,-3.1873420057993616,null
69,55.94451028134979,-3.1873420057993616,0,55.94451028134979,-3.1870420057993614,null
70,55.94451028134979,-3.1870420057993614,180,55.94451028134979,-3.1873420057993616,null
71,55.94451028134979,-3.1873420057993616,0,55.94451028134979,-3.1870420057993614,null
72,55.94451028134979,-3.1870420057993614,180,55.94451028134979,-3.1873420057993616,null
73,55.94451028134979,-3.1873420057993616,0,55.94451028134979,-3.1870420057993614,null
74,55.94451028134979,-3.1870420057993614,180,55.94451028134979,-3.1873420057993616,null
75,55.94451028134979,-3.1873420057993616,0,55.94451028134979,-3.1870420057993614,null
76,55.94451028134979,-3.1870420057993614,180,55.94451028134979,-3.1873420057993616,null
77,55.94451028134979,-3.1873420057993616,0,55.94451028134979,-3.1870420057993614,null
78,55.94451028134979,-3.1870420057993614,180,55.94451028134979,-3.1873420057993616,null
79,55.94451028134979,-3.1873420057993616,0,55.94451028134979,-3.1870420057993614,null
80,55.94451028134979,-3.1870420057993614,180,55.94451028134979,-3.1873420057993616,null
81,55.94451028134979,-3.1873420057993616,0,55.94451028134979,-3.1870420057993614,null
82,55.94451028134979,-3.1870420057993614,180,55.94451028134979,-3.1873420057993616,null
83,55.94451028134979,-3.1873420057993616,0,55.94451028134979,-3.1870420057993614,null
84,55.94451028134979,-3.1870420057993614,180,55.94451028134979,-3.1873420057993616,null
85,55.94451028134979,-3.1873420057993616,0,55.94451028134979,-3.1870420057993614,null
86,55.94451028134979,-3.1870420057993614,180,55.94451028134979,-3.1873420057993616,null
87,55.94451028134979,-3.1873420057993616,0,55.94451028134979,-3.1870420057993614,null
88,55.94451028134979,-3.1870420057993614,180,55.94451028134979,-3.1873420057993616,null
89,55.94451028134979,-3.1873420057993616,0,55.94451028134979,-3.1870420057993614,null
90,55.94451028134979,-3.1870420057993614,180,55.94451028134979,-3.1873420057993616,null
91,55.94451028134979,-3.1873420057993616,0,55.94451028134979,-3.1870420057993614,null
92,55.94451028134979,-3.1870420057993614,180,55.94451028134979,-3.1873420057993616,null
93,55.94451028134979,-3.1873420057993616,0,55.94451028134979,-3.1870420057993614,null
94,55.94451028134979,-3.1870420057993614,180,55.94451028134979,-3.1873420057993616,null
95,55.94451028134979,-3.1873420057993616,0,55.94451028134979,-3.1870420057993614,null
96,55.94451028134979,-3.1870420057993614,180,55.94451028134979,-3.1873420057993616,null
97,55.94451028134979,-3.1873420057993616,0,55.94451028134979,-3.1870420057993614,null
98,55.94451028134979,-3.1870420057993614,180,55.94451028134979,-3.1873420057993616,null
99,55.94451028134979,-3.1873420057993616,0,55.94451028134979,-3.1870420057993614,null
100,55.94451028134979,-3.1870420057993614,180,55.94451028134979,-3.1873420057993616,null
101,55.94451028134979,-3.1873420057993616,0,55.94451028134979,-3.1870420057993614,null
102,55.94451028134979,-3.1870420057993614,180,55.94451028134979,-3.1873420057993616,null
103,55.94451028134979,-3.1873420057993616,0,55.94451028134979,-3.1870420057993614,null
104,55.94451028134979,-3.1870420057993614,180,55.94451028134979,-3.1873420057993616,null
105,55.94451028134979,-3.1873420057993616,0,55.94451028134979,-3.1870420057993614,null
106,55.94451028134979,-3.1870420057993614,180,55.94451028134979,-3.1873420057993616,null
107,55.94451028134979,-3.1873420057993616,0,55.94451028134979,-3.1870420057993614,null
108,55.94451028134979,-3.1870420057993614,180,55.94451028134979,-3.1873420057993616,null
109,55.94451028134979,-3.1873420057993616,0,55.94451028134979,-3.1870420057993614,null
110,55.94451028134979,-3.1870420057993614,180,55.94451028134979,-3.1873420057993616,null
111,55.94451028134979,-3.1873420057993616,0,55.94451028134979,-3.1870420057993614,null
112,55.94451028134979,-3.1870420057993614,180,55.94451028134979,-3.1873420057993616,null
113,55.94451028134979,-3.1873420057993616,0,55.94451028134979,-3.1870420057993614,null
114,55.94451028134979,-3.1870420057993614,180,55.94451028134979,-3.1873420057993616,null
115,55.94451028134979,-3.1873420057993616,0,55.94451028134979,-3.1870420057993614,null
116,55.94451028134979,-3.1870420057993614,180,55.94451028134979,-3.1873420057993616,null
117,55.94451028134979,-3.1873420057993616,0,55.94451028134979,-3.1870420057993614,null
118,55.94451028134979,-3.1870420057993614,180,55.94451028134979,-3.1873420057993616,null
119,55.94451028134979,-3.1873420057993616,0,55.94451028134979,-3.1870420057993614,null
120,55.94451028134979,-3.1870420057993614,180,55.94451028134979,-3.1873420057993616,null
121,55.94451028134979,-3.1873420057993616,0,55.94451028134979,-3.1870420057993614,null
122,55.94451028134979,-3.1870420057993614,180,55.94451028134979,-3.1873420057993616,null
123,55.94451028134979,-3.1873420057993616,0,55.94451028134979,-3.1870420057993614,null
124,55.94451028134979,-3.1870420057993614,180,55.94451028134979,-3.1873420057993616,null
125,55.94451028134979,-3.1873420057993616,0,55.94451028134979,-3.1870420057993614,null
126,55.94451028134979,-3.1870420057993614,180,55.94451028134979,-3.1873420057993616,null
127,55.94451028134979,-3.1873420057993616,0,55.94451028134979,-3.1870420057993614,null
128,55.94451028134979,-3.1870420057993614,180,55.94451028134979,-3.1873420057993616,null
129,55.94451028134979,-3.1873420057993616,0,55.94451028134979,-3.1870420057993614,null
130,55.94451028134979,-3.1870420057993614,180,55.94451028134979,-3.1873420057993616,null
131,55.94451028134979,-3.1873420057993616,0,55.94451028134979,-3.1870420057993614,null
132,55.94451028134979,-3.1870420057993614,180,55.94451028134979,-3.1873420057993616,null
133,55.94451028134979,-3.1873420057993616,0,55.94451028134979,-3.1870420057993614,null
134,55.94451028134979,-3.1870420057993614,180,55.94451028134979,-3.1873420057993616,null
135,55.94451028134979,-3.1873420057993616,0,55.94451028134979,-3.1870420057993614,null
136,55.94451028134979,-3.1870420057993614,180,55.94451028134979,-3.1873420057993616,null
137,55.94451028134979,-3.1873420057993616,0,55.94451028134979,-3.1870420057993614,null
138,55.94451028134979,-3.1870420057993614,180,55.94451028134979,-3.1873420057993616,null
139,55.94451028134979,-3.1873420057993616,0,55.94451028134979,-3.1870420057993614,null
140,55.94451028134979,-3.1870420057993614,180,55.94451028134979,-3.1873420057993616,null
141,55.94451028134979,-3.1873420057993616,0,55.94451028134979,-3.1870420057993614,null
142,55.94451028134979,-3.1870420057993614,180,55.94451028134979,-3.1873420057993616,null
143,55.94451028134979,-3.1873420057993616,0,55.94451028134979,-3.1870420057993614,null
144,55.94451028134979,-3.1870420057993614,180,55.94451028134979,-3.1873420057993616,null
145,55.94451028134979,-3.1873420057993616,0,55.94451028134979,-3.1870420057993614,null
146,55.94451028134979,-3.1870420057993614,180,55.94451028134979,-3.1873420057993616,null
147,55.94451028134979,-3.1873420057993616,0,55.94451028134979,-3.1870420057993614,null
148,55.94451028134979,-3.1870420057993614,180,55.94451028134979,-3.1873420057993616,null
149,55.94451028134979,-3.1873420057993616,0,55.94451028134979,-3.1870420057993614,null
150,55.94451028134979,-3.1870420057993614,180,55.94451028134979,-3.1873420057993616,null
