1,55.9444,-3.1878,110,55.94468190778624,-3.187902606042998,null
2,55.94468190778624,-3.187902606042998,110,55.94496381557248,-3.1880052120859954,agents.mile.crib
3,55.94496381557248,-3.1880052120859954,290,55.94468190778624,-3.187902606042998,null
4,55.94468190778624,-3.187902606042998,80,55.94497735011215,-3.187850511589698,null
5,55.94497735011215,-3.187850511589698,280,55.94468190778624,-3.1877984171363978,null
6,55.94468190778624,-3.1877984171363978,300,55.944422100165106,-3.1876484171363977,null
7,55.944422100165106,-3.1876484171363977,40,55.94461493644801,-3.187418603803462,null
8,55.94461493644801,-3.187418603803462,10,55.944667030901314,-3.187123161477558,null
9,55.944667030901314,-3.187123161477558,0,55.944667030901314,-3.186823161477558,null
10,55.944667030901314,-3.186823161477558,110,55.94494893868755,-3.1869257675205556,null
11,55.94494893868755,-3.1869257675205556,300,55.94468913106642,-3.1867757675205555,null
12,55.94468913106642,-3.1867757675205555,40,55.944881967349325,-3.1865459541876198,null
13,55.944881967349325,-3.1865459541876198,120,55.94514177497046,-3.18669595418762,null
14,55.94514177497046,-3.18669595418762,130,55.945371588303395,-3.1868887904705256,spent.spoon.bolt
15,55.945371588303395,-3.1868887904705256,60,55.94563139592453,-3.1867387904705256,hidden.handle.softly
16,55.94563139592453,-3.1867387904705256,10,55.94568349037783,-3.1864433481446217,null
17,55.94568349037783,-3.1864433481446217,10,55.945735584831134,-3.186147905818718,null
18,55.945735584831134,-3.186147905818718,10,55.945787679284436,-3.185852463492814,null
19,55.945787679284436,-3.185852463492814,10,55.94583977373774,-3.18555702116691,null
20,55.94583977373774,-3.18555702116691,0,55.94583977373774,-3.18525702116691,null
21,55.94583977373774,-3.18525702116691,10,55.94589186819104,-3.184961578841006,rider.aura.bulb
22,55.94589186819104,-3.184961578841006,300,55.945632060569906,-3.184811578841006,null
23,55.945632060569906,-3.184811578841006,300,55.94537225294877,-3.184661578841006,null
24,55.94537225294877,-3.184661578841006,300,55.94511244532764,-3.184511578841006,sports.topic.clocks
25,55.94511244532764,-3.184511578841006,220,55.94491960904473,-3.1847413921739416,null
26,55.94491960904473,-3.1847413921739416,210,55.944769609044734,-3.185001199795077,null
27,55.944769609044734,-3.185001199795077,220,55.94457677276183,-3.185231013128013,acid.chair.butter
28,55.94457677276183,-3.185231013128013,180,55.94457677276183,-3.185531013128013,null
29,55.94457677276183,-3.185531013128013,170,55.94462886721513,-3.185826455453917,null
30,55.94462886721513,-3.185826455453917,180,55.94462886721513,-3.186126455453917,null
31,55.94462886721513,-3.186126455453917,170,55.94468096166843,-3.186421897779821,rated.fired.crowds
32,55.94468096166843,-3.186421897779821,200,55.94457835562543,-3.1867038055660566,artist.gets.react
33,55.94457835562543,-3.1867038055660566,10,55.94463045007873,-3.1864083632401528,null
34,55.94463045007873,-3.1864083632401528,320,55.94443761379583,-3.186178549907217,null
35,55.94443761379583,-3.186178549907217,240,55.94417780617469,-3.186328549907217,null
36,55.94417780617469,-3.186328549907217,270,55.94387780617469,-3.186328549907217,null
37,55.94387780617469,-3.186328549907217,140,55.944070642457596,-3.186558363240153,lime.learns.front
38,55.944070642457596,-3.186558363240153,210,55.9439206424576,-3.1868181708612884,null
39,55.9439206424576,-3.1868181708612884,210,55.9437706424576,-3.187077978482424,null
40,55.9437706424576,-3.187077978482424,210,55.9436206424576,-3.1873377861035594,shut.stands.media
41,55.9436206424576,-3.1873377861035594,290,55.943338734671364,-3.187235180060562,scale.chair.kinds
42,55.943338734671364,-3.187235180060562,230,55.94310892133843,-3.1874280163434676,null
43,55.94310892133843,-3.1874280163434676,230,55.94287910800549,-3.1876208526263734,panic.squad.danger
44,55.94287910800549,-3.1876208526263734,340,55.94277650196249,-3.1873389448401377,null
45,55.94277650196249,-3.1873389448401377,350,55.94272440750919,-3.187043502514234,strut.river.surely
46,55.94272440750919,-3.187043502514234,10,55.94277650196249,-3.18674806018833,null
47,55.94277650196249,-3.18674806018833,0,55.94277650196249,-3.18644806018833,null
48,55.94277650196249,-3.18644806018833,10,55.942828596415794,-3.186152617862426,null
49,55.942828596415794,-3.186152617862426,0,55.942828596415794,-3.185852617862426,null
50,55.942828596415794,-3.185852617862426,10,55.942880690869096,-3.185557175536522,dent.shins.cycle
51,55.942880690869096,-3.185557175536522,10,55.9429327853224,-3.185261733210618,null
52,55.9429327853224,-3.185261733210618,10,55.9429848797757,-3.1849662908847143,null
53,55.9429848797757,-3.1849662908847143,10,55.943036974229,-3.1846708485588104,courier.assume.bill
54,55.943036974229,-3.1846708485588104,90,55.943336974229005,-3.1846708485588104,null
55,55.943336974229005,-3.1846708485588104,90,55.94363697422901,-3.1846708485588104,null
56,55.94363697422901,-3.1846708485588104,90,55.94393697422901,-3.1846708485588104,rider.mile.lime
57,55.94393697422901,-3.1846708485588104,180,55.94393697422901,-3.1849708485588106,null
58,55.94393697422901,-3.1849708485588106,180,55.94393697422901,-3.185270848558811,null
59,55.94393697422901,-3.185270848558811,180,55.94393697422901,-3.185570848558811,null
60,55.94393697422901,-3.185570848558811,180,55.94393697422901,-3.185870848558811,null
61,55.94393697422901,-3.185870848558811,180,55.94393697422901,-3.1861708485588114,null
62,55.94393697422901,-3.1861708485588114,180,55.94393697422901,-3.1864708485588116,null
63,55.94393697422901,-3.1864708485588116,180,55.94393697422901,-3.1867708485588118,null
64,55.94393697422901,-3.1867708485588118,190,55.94388487977571,-3.1870662908847156,null
65,55.94388487977571,-3.1870662908847156,180,55.94388487977571,-3.187366290884716,null
66,55.94388487977571,-3.187366290884716,190,55.94383278532241,-3.1876617332106196,null
67,55.94383278532241,-3.1876617332106196,180,55.94383278532241,-3.18796173321062,cubs.trucks.help
68,55.94383278532241,-3.18796173321062,170,55.94388487977571,-3.1882571755365237,null
69,55.94388487977571,-3.1882571755365237,180,55.94388487977571,-3.188557175536524,null
70,55.94388487977571,-3.188557175536524,170,55.94393697422901,-3.1888526178624277,noted.friday.jams
71,55.94393697422901,-3.1888526178624277,210,55.94378697422901,-3.189112425483563,null
72,55.94378697422901,-3.189112425483563,210,55.943636974229015,-3.1893722331046988,cars.attend.hotels
73,55.943636974229015,-3.1893722331046988,340,55.943534368186015,-3.189090325318463,null
74,55.943534368186015,-3.189090325318463,340,55.943431762143014,-3.1888084175322273,system.speak.guard
75,55.943431762143014,-3.1888084175322273,300,55.94317195452188,-3.1886584175322272,groups.ideas.script
76,55.94317195452188,-3.1886584175322272,190,55.94311986006858,-3.188953859858131,null
77,55.94311986006858,-3.188953859858131,190,55.943067765615275,-3.189249302184035,null
78,55.943067765615275,-3.189249302184035,190,55.94301567116197,-3.1895447445099387,null
79,55.94301567116197,-3.1895447445099387,200,55.94291306511897,-3.1898266522961745,second.launch.miles
80,55.94291306511897,-3.1898266522961745,190,55.94286097066567,-3.1901220946220783,null
81,55.94286097066567,-3.1901220946220783,180,55.94286097066567,-3.1904220946220785,tonic.bliss.cove
82,55.94286097066567,-3.1904220946220785,130,55.943090783998606,-3.1906149309049843,null
83,55.943090783998606,-3.1906149309049843,130,55.94332059733154,-3.19080776718789,null
84,55.94332059733154,-3.19080776718789,130,55.94355041066448,-3.191000603470796,loaf.cheer.slave
85,55.94355041066448,-3.191000603470796,40,55.943743246947385,-3.19077079013786,null
86,55.943743246947385,-3.19077079013786,40,55.94393608323029,-3.1905409768049244,pump.wheels.hulk
87,55.94393608323029,-3.1905409768049244,140,55.9441289195132,-3.19077079013786,null
88,55.9441289195132,-3.19077079013786,130,55.94435873284613,-3.190963626420766,paying.crowd.weep
89,55.94435873284613,-3.190963626420766,90,55.944658732846136,-3.190963626420766,null
90,55.944658732846136,-3.190963626420766,100,55.94495417517204,-3.191015720874066,shapes.sheep.nature
91,55.94495417517204,-3.191015720874066,160,55.945056781215044,-3.1912976286603016,null
92,55.945056781215044,-3.1912976286603016,150,55.94520678121504,-3.191557436281437,hills.feels.tunes
93,55.94520678121504,-3.191557436281437,50,55.94543659454798,-3.1913645999985314,skins.engage.best
94,55.94543659454798,-3.1913645999985314,70,55.945718502334216,-3.191261993955534,null
95,55.945718502334216,-3.191261993955534,70,55.946000410120455,-3.191159387912536,simple.rust.audio
96,55.946000410120455,-3.191159387912536,340,55.945897804077454,-3.1908774801263005,null
97,55.945897804077454,-3.1908774801263005,340,55.94579519803445,-3.1905955723400647,null
98,55.94579519803445,-3.1905955723400647,340,55.94569259199145,-3.190313664553829,null
99,55.94569259199145,-3.190313664553829,340,55.94558998594845,-3.1900317567675933,turkey.limit.ramp
100,55.94558998594845,-3.1900317567675933,30,55.94573998594845,-3.189771949146458,null
101,55.94573998594845,-3.189771949146458,30,55.94588998594845,-3.1895121415253223,coherent.saints.stuck
102,55.94588998594845,-3.1895121415253223,10,55.94594208040175,-3.1892166991994184,null
103,55.94594208040175,-3.1892166991994184,10,55.94599417485505,-3.1889212568735146,null
104,55.94599417485505,-3.1889212568735146,10,55.946046269308354,-3.1886258145476107,boost.radar.stress
105,55.946046269308354,-3.1886258145476107,300,55.94578646168722,-3.1884758145476106,null
106,55.94578646168722,-3.1884758145476106,300,55.945526654066086,-3.1883258145476105,null
107,55.945526654066086,-3.1883258145476105,300,55.94526684644495,-3.1881758145476105,null
108,55.94526684644495,-3.1881758145476105,290,55.94498493865871,-3.188073208504613,null
109,55.94498493865871,-3.188073208504613,300,55.94472513103758,-3.1879232085046127,null
110,55.94472513103758,-3.1879232085046127,290,55.94444322325134,-3.187820602461615,null
