1,55.9444,-3.1878,300,55.94414019237887,-3.18765,null
2,55.94414019237887,-3.18765,110,55.944422100165106,-3.1877526060429977,thank.salsa.brain
3,55.944422100165106,-3.1877526060429977,10,55.94447419461841,-3.187457163717094,only.fairly.rift
4,55.94447419461841,-3.187457163717094,310,55.94424438128547,-3.187264327434188,null
5,55.94424438128547,-3.187264327434188,310,55.944014567952536,-3.1870714911512823,renew.ears.tend
6,55.944014567952536,-3.1870714911512823,230,55.9437847546196,-3.187264327434188,null
7,55.9437847546196,-3.187264327434188,240,55.943524946998465,-3.187414327434188,shut.stands.media
8,55.943524946998465,-3.187414327434188,150,55.94367494699846,-3.1876741350553237,null
9,55.94367494699846,-3.1876741350553237,160,55.943777553041464,-3.1879560428415594,cubs.trucks.help
10,55.943777553041464,-3.1879560428415594,130,55.9440073663744,-3.188148879124465,rush.crown.link
11,55.9440073663744,-3.188148879124465,160,55.9441099724174,-3.188430786910701,null
12,55.9441099724174,-3.188430786910701,170,55.9441620668707,-3.1887262292366048,null
13,55.9441620668707,-3.1887262292366048,170,55.944214161324005,-3.1890216715625086,spoon.invest.every
14,55.944214161324005,-3.1890216715625086,180,55.944214161324005,-3.189321671562509,null
15,55.944214161324005,-3.189321671562509,190,55.9441620668707,-3.1896171138884126,null
16,55.9441620668707,-3.1896171138884126,200,55.9440594608277,-3.1898990216746483,cliff.asleep.wedge
17,55.9440594608277,-3.1898990216746483,220,55.943866624544796,-3.190128835007584,null
18,55.943866624544796,-3.190128835007584,220,55.94367378826189,-3.1903586483405197,sculpture.shot.melon
19,55.94367378826189,-3.1903586483405197,160,55.94377639430489,-3.1906405561267555,null
20,55.94377639430489,-3.1906405561267555,160,55.94387900034789,-3.190922463912991,spicy.bunch.shady
21,55.94387900034789,-3.190922463912991,100,55.9441744426738,-3.190974558366291,null
22,55.9441744426738,-3.190974558366291,100,55.944469884999705,-3.191026652819591,paying.crowd.weep
23,55.944469884999705,-3.191026652819591,260,55.9441744426738,-3.191078747272891,null
24,55.9441744426738,-3.191078747272891,260,55.94387900034789,-3.191130841726191,null
25,55.94387900034789,-3.191130841726191,260,55.943583558021984,-3.1911829361794912,null
26,55.943583558021984,-3.1911829361794912,270,55.94328355802198,-3.1911829361794912,meal.feed.large
27,55.94328355802198,-3.1911829361794912,270,55.94298355802198,-3.1911829361794912,else.urban.museum
28,55.94298355802198,-3.1911829361794912,10,55.94303565247528,-3.1908874938535874,relate.chill.vest
29,55.94303565247528,-3.1908874938535874,220,55.942842816192375,-3.191117307186523,along.spill.limp
30,55.942842816192375,-3.191117307186523,350,55.94279072173907,-3.1908218648606193,null
31,55.94279072173907,-3.1908218648606193,350,55.94273862728577,-3.1905264225347154,null
32,55.94273862728577,-3.1905264225347154,350,55.94268653283247,-3.1902309802088116,null
33,55.94268653283247,-3.1902309802088116,350,55.942634438379166,-3.1899355378829077,hooked.shine.third
34,55.942634438379166,-3.1899355378829077,40,55.94282727466207,-3.189705724549972,null
35,55.94282727466207,-3.189705724549972,10,55.942879369115374,-3.189410282224068,null
36,55.942879369115374,-3.189410282224068,10,55.94293146356868,-3.1891148398981644,null
37,55.94293146356868,-3.1891148398981644,20,55.94303406961168,-3.1888329321119286,null
38,55.94303406961168,-3.1888329321119286,20,55.94313667565468,-3.188551024325693,groups.ideas.script
39,55.94313667565468,-3.188551024325693,120,55.94339648327581,-3.188701024325693,system.speak.guard
40,55.94339648327581,-3.188701024325693,330,55.943246483275814,-3.1884412167045575,null
41,55.943246483275814,-3.1884412167045575,340,55.943143877232814,-3.1881593089183218,null
42,55.943143877232814,-3.1881593089183218,340,55.94304127118981,-3.187877401132086,null
43,55.94304127118981,-3.187877401132086,330,55.942891271189815,-3.1876175935109505,null
44,55.942891271189815,-3.1876175935109505,340,55.942788665146814,-3.187335685724715,null
45,55.942788665146814,-3.187335685724715,340,55.94268605910381,-3.187053777938479,strut.river.surely
46,55.94268605910381,-3.187053777938479,50,55.94291587243675,-3.1868609416555733,null
47,55.94291587243675,-3.1868609416555733,50,55.943145685769686,-3.1866681053726675,null
48,55.943145685769686,-3.1866681053726675,100,55.94344112809559,-3.1867201998259675,null
49,55.94344112809559,-3.1867201998259675,30,55.94359112809559,-3.186460392204832,null
50,55.94359112809559,-3.186460392204832,30,55.94374112809559,-3.1862005845836965,null
51,55.94374112809559,-3.1862005845836965,40,55.943933964378495,-3.185970771250761,teams.mild.played
52,55.943933964378495,-3.185970771250761,0,55.943933964378495,-3.1856707712507606,manliness.poem.cliff
53,55.943933964378495,-3.1856707712507606,140,55.9441268006614,-3.1859005845836963,null
54,55.9441268006614,-3.1859005845836963,140,55.94431963694431,-3.186130397916632,organs.shape.fantastic
55,55.94431963694431,-3.186130397916632,10,55.94437173139761,-3.185834955590728,null
56,55.94437173139761,-3.185834955590728,10,55.94442382585091,-3.1855395132648243,null
57,55.94442382585091,-3.1855395132648243,20,55.94452643189391,-3.1852576054785886,acid.chair.butter
58,55.94452643189391,-3.1852576054785886,30,55.94467643189391,-3.184997797857453,slide.leads.stores
59,55.94467643189391,-3.184997797857453,50,55.944906245226846,-3.1848049615745473,null
60,55.944906245226846,-3.1848049615745473,50,55.94513605855978,-3.1846121252916415,settle.title.united
61,55.94513605855978,-3.1846121252916415,140,55.94532889484269,-3.184841938624577,null
62,55.94532889484269,-3.184841938624577,150,55.94547889484269,-3.1851017462457127,null
63,55.94547889484269,-3.1851017462457127,150,55.945628894842685,-3.1853615538668483,null
64,55.945628894842685,-3.1853615538668483,150,55.94577889484268,-3.185621361487984,shed.desire.muddy
65,55.94577889484268,-3.185621361487984,120,55.94603870246382,-3.185771361487984,renew.slows.basket
66,55.94603870246382,-3.185771361487984,200,55.945936096420816,-3.1860532692742196,null
67,55.945936096420816,-3.1860532692742196,210,55.94578609642082,-3.186313076895355,posts.kicked.universally
68,55.94578609642082,-3.186313076895355,230,55.94555628308788,-3.186505913178261,null
69,55.94555628308788,-3.186505913178261,240,55.94529647546675,-3.186655913178261,dragon.bottle.crisp
70,55.94529647546675,-3.186655913178261,160,55.94539908150975,-3.1869378209644967,null
71,55.94539908150975,-3.1869378209644967,130,55.945628894842685,-3.1871306572474025,null
72,55.945628894842685,-3.1871306572474025,180,55.945628894842685,-3.1874306572474027,null
73,55.945628894842685,-3.1874306572474027,180,55.945628894842685,-3.187730657247403,null
74,55.945628894842685,-3.187730657247403,190,55.94557680038938,-3.1880260995733067,null
75,55.94557680038938,-3.1880260995733067,190,55.94552470593608,-3.1883215418992106,skills.less.herb
76,55.94552470593608,-3.1883215418992106,160,55.94562731197908,-3.1886034496854463,null
77,55.94562731197908,-3.1886034496854463,160,55.94572991802208,-3.188885357471682,stops.else.chats
78,55.94572991802208,-3.188885357471682,170,55.945782012475384,-3.189180799797586,null
79,55.945782012475384,-3.189180799797586,170,55.945834106928686,-3.1894762421234897,null
80,55.945834106928686,-3.1894762421234897,170,55.94588620138199,-3.1897716844493935,null
81,55.94588620138199,-3.1897716844493935,170,55.94593829583529,-3.1900671267752974,null
82,55.94593829583529,-3.1900671267752974,170,55.94599039028859,-3.190362569101201,null
83,55.94599039028859,-3.190362569101201,180,55.94599039028859,-3.1906625691012014,null
84,55.94599039028859,-3.1906625691012014,180,55.94599039028859,-3.1909625691012016,simple.rust.audio
85,55.94599039028859,-3.1909625691012016,330,55.945840390288595,-3.190702761480066,null
86,55.945840390288595,-3.190702761480066,330,55.9456903902886,-3.1904429538589305,null
87,55.9456903902886,-3.1904429538589305,330,55.9455403902886,-3.190183146237795,null
88,55.9455403902886,-3.190183146237795,330,55.9453903902886,-3.1899233386166594,null
89,55.9453903902886,-3.1899233386166594,330,55.9452403902886,-3.189663530995524,null
90,55.9452403902886,-3.189663530995524,340,55.9451377842456,-3.189381623209288,null
91,55.9451377842456,-3.189381623209288,340,55.9450351782026,-3.1890997154230525,null
92,55.9450351782026,-3.1890997154230525,340,55.9449325721596,-3.1888178076368168,null
93,55.9449325721596,-3.1888178076368168,330,55.9447825721596,-3.1885580000156812,null
94,55.9447825721596,-3.1885580000156812,340,55.9446799661166,-3.1882760922294455,null
95,55.9446799661166,-3.1882760922294455,340,55.9445773600736,-3.18799418444321,null
96,55.9445773600736,-3.18799418444321,340,55.9444747540306,-3.187712276656974,null
97,55.9444747540306,-3.187712276656974,340,55.9443721479876,-3.1874303688707384,null
98,55.9443721479876,-3.1874303688707384,340,55.9442695419446,-3.1871484610845027,null
99,55.9442695419446,-3.1871484610845027,320,55.94407670566169,-3.186918647751567,null
100,55.94407670566169,-3.186918647751567,300,55.94381689804056,-3.186768647751567,null
101,55.94381689804056,-3.186768647751567,340,55.94371429199756,-3.186486739965331,null
102,55.94371429199756,-3.186486739965331,350,55.943662197544256,-3.1861912976394273,null
103,55.943662197544256,-3.1861912976394273,350,55.943610103090954,-3.1858958553135235,null
104,55.943610103090954,-3.1858958553135235,350,55.94355800863765,-3.1856004129876196,null
105,55.94355800863765,-3.1856004129876196,350,55.94350591418435,-3.185304970661716,null
106,55.94350591418435,-3.185304970661716,350,55.94345381973105,-3.185009528335812,sentences.sings.modern
107,55.94345381973105,-3.185009528335812,160,55.94355642577405,-3.1852914361220477,null
108,55.94355642577405,-3.1852914361220477,160,55.94365903181705,-3.1855733439082834,null
109,55.94365903181705,-3.1855733439082834,160,55.94376163786005,-3.185855251694519,null
110,55.94376163786005,-3.185855251694519,160,55.94386424390305,-3.186137159480755,null
111,55.94386424390305,-3.186137159480755,160,55.94396684994605,-3.1864190672669905,null
112,55.94396684994605,-3.1864190672669905,160,55.94406945598905,-3.1867009750532262,null
113,55.94406945598905,-3.1867009750532262,190,55.94401736153575,-3.18699641737913,null
114,55.94401736153575,-3.18699641737913,150,55.94416736153575,-3.1872562250002656,null
115,55.94416736153575,-3.1872562250002656,150,55.944317361535745,-3.187516032621401,null
