1,55.9444,-3.1878,10,55.944452094453304,-3.1875045576740964,null
2,55.944452094453304,-3.1875045576740964,10,55.944504188906606,-3.1872091153481925,only.fairly.rift
3,55.944504188906606,-3.1872091153481925,10,55.94455628335991,-3.1869136730222887,artist.gets.react
4,55.94455628335991,-3.1869136730222887,190,55.944504188906606,-3.1872091153481925,null
5,55.944504188906606,-3.1872091153481925,290,55.94422228112037,-3.187106509305195,null
6,55.94422228112037,-3.187106509305195,-40,55.94402944483746,-3.186876695972259,null
7,55.94402944483746,-3.186876695972259,10,55.944081539290764,-3.1865812536463554,null
8,55.944081539290764,-3.1865812536463554,10,55.944133633744066,-3.1862858113204515,null
9,55.944133633744066,-3.1862858113204515,30,55.944283633744064,-3.186026003699316,organs.shape.fantastic
10,55.944283633744064,-3.186026003699316,20,55.944386239787065,-3.1857440959130803,null
11,55.944386239787065,-3.1857440959130803,20,55.944488845830065,-3.1854621881268446,null
12,55.944488845830065,-3.1854621881268446,20,55.944591451873066,-3.185180280340609,acid.chair.butter
13,55.944591451873066,-3.185180280340609,30,55.944741451873064,-3.1849204727194733,null
14,55.944741451873064,-3.1849204727194733,20,55.944844057916065,-3.1846385649332376,null
15,55.944844057916065,-3.1846385649332376,30,55.94499405791606,-3.184378757312102,sports.topic.clocks
16,55.94499405791606,-3.184378757312102,150,55.94514405791606,-3.1846385649332376,null
17,55.94514405791606,-3.1846385649332376,150,55.94529405791606,-3.184898372554373,null
18,55.94529405791606,-3.184898372554373,150,55.945444057916056,-3.1851581801755087,null
19,55.945444057916056,-3.1851581801755087,150,55.945594057916054,-3.185417987796644,null
20,55.945594057916054,-3.185417987796644,140,55.94578689419896,-3.18564780112958,shed.desire.muddy
21,55.94578689419896,-3.18564780112958,180,55.94578689419896,-3.18594780112958,null
22,55.94578689419896,-3.18594780112958,180,55.94578689419896,-3.1862478011295803,posts.kicked.universally
23,55.94578689419896,-3.1862478011295803,230,55.945557080866024,-3.186440637412486,null
24,55.945557080866024,-3.186440637412486,230,55.94532726753309,-3.186633473695392,dragon.bottle.crisp
25,55.94532726753309,-3.186633473695392,140,55.945520103815994,-3.1868632870283276,null
26,55.945520103815994,-3.1868632870283276,140,55.9457129400989,-3.1870931003612633,null
27,55.9457129400989,-3.1870931003612633,140,55.94590577638181,-3.187322913694199,slips.mass.baking
28,55.94590577638181,-3.187322913694199,170,55.94595787083511,-3.187618356020103,null
29,55.94595787083511,-3.187618356020103,170,55.94600996528841,-3.1879137983460066,null
30,55.94600996528841,-3.1879137983460066,180,55.94600996528841,-3.188213798346007,null
31,55.94600996528841,-3.188213798346007,170,55.94606205974171,-3.1885092406719107,boost.radar.stress
32,55.94606205974171,-3.1885092406719107,190,55.94600996528841,-3.1888046829978145,null
33,55.94600996528841,-3.1888046829978145,190,55.94595787083511,-3.1891001253237183,null
34,55.94595787083511,-3.1891001253237183,180,55.94595787083511,-3.1894001253237185,coherent.saints.stuck
35,55.94595787083511,-3.1894001253237185,280,55.9456624285092,-3.1893480308704185,museum.spicy.horns
36,55.9456624285092,-3.1893480308704185,200,55.9455598224662,-3.1896299386566542,null
37,55.9455598224662,-3.1896299386566542,200,55.9454572164232,-3.18991184644289,turkey.limit.ramp
38,55.9454572164232,-3.18991184644289,0,55.9454572164232,-3.1896118464428898,null
39,55.9454572164232,-3.1896118464428898,0,55.9454572164232,-3.1893118464428896,null
40,55.9454572164232,-3.1893118464428896,0,55.9454572164232,-3.1890118464428894,null
41,55.9454572164232,-3.1890118464428894,350,55.9454051219699,-3.1887164041169855,shady.soft.phones
42,55.9454051219699,-3.1887164041169855,250,55.94512321418366,-3.188819010159983,null
43,55.94512321418366,-3.188819010159983,250,55.94484130639742,-3.1889216162029808,null
44,55.94484130639742,-3.1889216162029808,250,55.94455939861118,-3.1890242222459784,null
45,55.94455939861118,-3.1890242222459784,250,55.944277490824945,-3.189126828288976,spoon.invest.every
46,55.944277490824945,-3.189126828288976,300,55.94401768320381,-3.188976828288976,noted.friday.jams
47,55.94401768320381,-3.188976828288976,0,55.94401768320381,-3.1886768282889757,null
48,55.94401768320381,-3.1886768282889757,10,55.94406977765711,-3.188381385963072,rush.crown.link
49,55.94406977765711,-3.188381385963072,350,55.94401768320381,-3.188085943637168,null
50,55.94401768320381,-3.188085943637168,350,55.94396558875051,-3.187790501311264,null
51,55.94396558875051,-3.187790501311264,340,55.94386298270751,-3.1875085935250285,begins.spider.drips
52,55.94386298270751,-3.1875085935250285,240,55.94360317508637,-3.1876585935250286,null
53,55.94360317508637,-3.1876585935250286,240,55.94334336746524,-3.1878085935250287,gums.clock.modes
54,55.94334336746524,-3.1878085935250287,200,55.94324076142224,-3.1880905013112644,null
55,55.94324076142224,-3.1880905013112644,190,55.943188666968936,-3.188385943637168,null
56,55.943188666968936,-3.188385943637168,200,55.943086060925935,-3.188667851423404,groups.ideas.script
57,55.943086060925935,-3.188667851423404,160,55.943188666968936,-3.1889497592096396,null
58,55.943188666968936,-3.1889497592096396,170,55.94324076142224,-3.1892452015355435,rents.cone.stove
59,55.94324076142224,-3.1892452015355435,180,55.94324076142224,-3.1895452015355437,null
60,55.94324076142224,-3.1895452015355437,190,55.943188666968936,-3.1898406438614475,null
61,55.943188666968936,-3.1898406438614475,180,55.943188666968936,-3.1901406438614477,shows.fries.lamp
62,55.943188666968936,-3.1901406438614477,190,55.943136572515634,-3.1904360861873515,null
63,55.943136572515634,-3.1904360861873515,190,55.94308447806233,-3.1907315285132554,relate.chill.vest
64,55.94308447806233,-3.1907315285132554,300,55.9428246704412,-3.1905815285132553,tonic.bliss.cove
65,55.9428246704412,-3.1905815285132553,350,55.942772575987895,-3.1902860861873514,null
66,55.942772575987895,-3.1902860861873514,350,55.94272048153459,-3.1899906438614476,null
67,55.94272048153459,-3.1899906438614476,350,55.94266838708129,-3.1896952015355438,hooked.shine.third
68,55.94266838708129,-3.1896952015355438,140,55.9428612233642,-3.1899250148684795,null
69,55.9428612233642,-3.1899250148684795,140,55.9430540596471,-3.190154828201415,null
70,55.9430540596471,-3.190154828201415,140,55.94324689593001,-3.190384641534351,null
71,55.94324689593001,-3.190384641534351,140,55.943439732212916,-3.1906144548672866,null
72,55.943439732212916,-3.1906144548672866,140,55.94363256849582,-3.1908442682002223,null
73,55.94363256849582,-3.1908442682002223,140,55.94382540477873,-3.191074081533158,spicy.bunch.shady
74,55.94382540477873,-3.191074081533158,90,55.94412540477873,-3.191074081533158,null
75,55.94412540477873,-3.191074081533158,90,55.944425404778734,-3.191074081533158,paying.crowd.weep
76,55.944425404778734,-3.191074081533158,90,55.94472540477874,-3.191074081533158,estate.gave.votes
77,55.94472540477874,-3.191074081533158,80,55.945020847104644,-3.191021987079858,null
78,55.945020847104644,-3.191021987079858,90,55.94532084710465,-3.191021987079858,maple.limit.hotels
79,55.94532084710465,-3.191021987079858,190,55.945268752651344,-3.191317429405762,null
80,55.945268752651344,-3.191317429405762,190,55.94521665819804,-3.1916128717316656,null
81,55.94521665819804,-3.1916128717316656,190,55.94516456374474,-3.1919083140575695,null
82,55.94516456374474,-3.1919083140575695,190,55.94511246929144,-3.1922037563834733,useful.hike.trades
83,55.94511246929144,-3.1922037563834733,340,55.94500986324844,-3.1919218485972376,null
84,55.94500986324844,-3.1919218485972376,340,55.944907257205436,-3.191639940811002,null
85,55.944907257205436,-3.191639940811002,340,55.944804651162436,-3.191358033024766,null
86,55.944804651162436,-3.191358033024766,340,55.944702045119435,-3.1910761252385305,null
87,55.944702045119435,-3.1910761252385305,340,55.944599439076434,-3.1907942174522947,null
88,55.944599439076434,-3.1907942174522947,340,55.94449683303343,-3.190512309666059,null
89,55.94449683303343,-3.190512309666059,340,55.94439422699043,-3.1902304018798233,null
90,55.94439422699043,-3.1902304018798233,340,55.94429162094743,-3.1899484940935876,null
91,55.94429162094743,-3.1899484940935876,340,55.94418901490443,-3.189666586307352,null
92,55.94418901490443,-3.189666586307352,340,55.94408640886143,-3.189384678521116,null
93,55.94408640886143,-3.189384678521116,340,55.94398380281843,-3.1891027707348805,null
94,55.94398380281843,-3.1891027707348805,340,55.94388119677543,-3.1888208629486448,null
95,55.94388119677543,-3.1888208629486448,340,55.94377859073243,-3.188538955162409,null
96,55.94377859073243,-3.188538955162409,340,55.94367598468943,-3.1882570473761733,null
97,55.94367598468943,-3.1882570473761733,340,55.94357337864643,-3.1879751395899376,null
98,55.94357337864643,-3.1879751395899376,340,55.943470772603426,-3.187693231803702,null
99,55.943470772603426,-3.187693231803702,330,55.94332077260343,-3.1874334241825664,null
100,55.94332077260343,-3.1874334241825664,340,55.94321816656043,-3.1871515163963307,null
101,55.94321816656043,-3.1871515163963307,330,55.94306816656043,-3.186891708775195,null
102,55.94306816656043,-3.186891708775195,340,55.94296556051743,-3.1866098009889594,null
103,55.94296556051743,-3.1866098009889594,330,55.94281556051743,-3.186349993367824,under.retire.bump
104,55.94281556051743,-3.186349993367824,0,55.94281556051743,-3.1860499933678237,null
105,55.94281556051743,-3.1860499933678237,10,55.94286765497073,-3.18575455104192,dent.shins.cycle
106,55.94286765497073,-3.18575455104192,50,55.94309746830367,-3.185561714759014,null
107,55.94309746830367,-3.185561714759014,50,55.943327281636606,-3.1853688784761083,null
108,55.943327281636606,-3.1853688784761083,60,55.94358708925774,-3.185218878476108,hello.love.keys
109,55.94358708925774,-3.185218878476108,160,55.94368969530074,-3.185500786262344,null
110,55.94368969530074,-3.185500786262344,160,55.94379230134374,-3.1857826940485796,null
111,55.94379230134374,-3.1857826940485796,160,55.94389490738674,-3.1860646018348153,null
112,55.94389490738674,-3.1860646018348153,160,55.94399751342974,-3.186346509621051,null
113,55.94399751342974,-3.186346509621051,80,55.94429295575565,-3.186294415167751,null
114,55.94429295575565,-3.186294415167751,60,55.944552763376784,-3.186144415167751,null
115,55.944552763376784,-3.186144415167751,170,55.944604857830086,-3.1864398574936548,null
116,55.944604857830086,-3.1864398574936548,180,55.944604857830086,-3.186739857493655,null
117,55.944604857830086,-3.186739857493655,190,55.944552763376784,-3.187035299819559,null
118,55.944552763376784,-3.187035299819559,190,55.94450066892348,-3.1873307421454626,null
