1,55.9444,-3.1878,300,55.94414019237887,-3.18765,bound.ends.matter
2,55.94414019237887,-3.18765,170,55.94419228683217,-3.187945442325904,null
3,55.94419228683217,-3.187945442325904,170,55.94424438128547,-3.1882408846518078,trades.rare.cable
4,55.94424438128547,-3.1882408846518078,220,55.944051545002566,-3.1884706979847435,null
5,55.944051545002566,-3.1884706979847435,230,55.94382173166963,-3.1886635342676493,null
6,55.94382173166963,-3.1886635342676493,220,55.94362889538672,-3.188893347600585,labels.hotels.alert
7,55.94362889538672,-3.188893347600585,310,55.94339908205379,-3.188700511317679,system.speak.guard
8,55.94339908205379,-3.188700511317679,220,55.94320624577088,-3.188930324650615,null
9,55.94320624577088,-3.188930324650615,210,55.94305624577088,-3.1891901322717504,region.passes.pencil
10,55.94305624577088,-3.1891901322717504,190,55.94300415131758,-3.1894855745976542,null
11,55.94300415131758,-3.1894855745976542,190,55.94295205686428,-3.189781016923558,second.launch.miles
12,55.94295205686428,-3.189781016923558,270,55.942652056864276,-3.189781016923558,hooked.shine.third
13,55.942652056864276,-3.189781016923558,170,55.94270415131758,-3.190076459249462,null
14,55.94270415131758,-3.190076459249462,170,55.94275624577088,-3.1903719015753658,null
15,55.94275624577088,-3.1903719015753658,160,55.94285885181388,-3.1906538093616015,tonic.bliss.cove
16,55.94285885181388,-3.1906538093616015,50,55.94308866514682,-3.1904609730786957,null
17,55.94308866514682,-3.1904609730786957,50,55.94331847847975,-3.19026813679579,arts.dish.scarcely
18,55.94331847847975,-3.19026813679579,20,55.943421084522754,-3.189986229009554,null
19,55.943421084522754,-3.189986229009554,20,55.943523690565755,-3.1897043212233185,cars.attend.hotels
20,55.943523690565755,-3.1897043212233185,100,55.94381913289166,-3.1897564156766185,null
21,55.94381913289166,-3.1897564156766185,100,55.94411457521757,-3.1898085101299185,cliff.asleep.wedge
22,55.94411457521757,-3.1898085101299185,140,55.944307411500475,-3.190038323462854,null
23,55.944307411500475,-3.190038323462854,150,55.94445741150047,-3.1902981310839897,null
24,55.94445741150047,-3.1902981310839897,140,55.94465024778338,-3.1905279444169254,null
25,55.94465024778338,-3.1905279444169254,150,55.94480024778338,-3.190787752038061,null
26,55.94480024778338,-3.190787752038061,140,55.94499308406628,-3.1910175653709967,shapes.sheep.nature
27,55.94499308406628,-3.1910175653709967,100,55.94528852639219,-3.1910696598242967,null
28,55.94528852639219,-3.1910696598242967,100,55.9455839687181,-3.1911217542775967,null
29,55.9455839687181,-3.1911217542775967,100,55.945879411044004,-3.1911738487308967,simple.rust.audio
30,55.945879411044004,-3.1911738487308967,170,55.945931505497306,-3.1914692910568006,null
31,55.945931505497306,-3.1914692910568006,170,55.94598359995061,-3.1917647333827044,stone.undulation.poems
32,55.94598359995061,-3.1917647333827044,0,55.94598359995061,-3.191464733382704,null
33,55.94598359995061,-3.191464733382704,0,55.94598359995061,-3.191164733382704,null
34,55.94598359995061,-3.191164733382704,0,55.94598359995061,-3.190864733382704,null
35,55.94598359995061,-3.190864733382704,0,55.94598359995061,-3.1905647333827036,null
36,55.94598359995061,-3.1905647333827036,0,55.94598359995061,-3.1902647333827034,null
37,55.94598359995061,-3.1902647333827034,0,55.94598359995061,-3.1899647333827033,null
38,55.94598359995061,-3.1899647333827033,0,55.94598359995061,-3.189664733382703,null
39,55.94598359995061,-3.189664733382703,0,55.94598359995061,-3.189364733382703,null
40,55.94598359995061,-3.189364733382703,10,55.94603569440391,-3.189069291056799,null
41,55.94603569440391,-3.189069291056799,0,55.94603569440391,-3.188769291056799,null
42,55.94603569440391,-3.188769291056799,10,55.94608778885721,-3.188473848730895,boost.radar.stress
43,55.94608778885721,-3.188473848730895,270,55.94578778885721,-3.188473848730895,bend.tubes.chops
44,55.94578778885721,-3.188473848730895,300,55.945527981236076,-3.188323848730895,skills.less.herb
45,55.945527981236076,-3.188323848730895,350,55.94547588678277,-3.188028406404991,null
46,55.94547588678277,-3.188028406404991,0,55.94547588678277,-3.187728406404991,null
47,55.94547588678277,-3.187728406404991,180,55.94547588678277,-3.188028406404991,null
48,55.94547588678277,-3.188028406404991,0,55.94547588678277,-3.187728406404991,null
49,55.94547588678277,-3.187728406404991,180,55.94547588678277,-3.188028406404991,null
50,55.94547588678277,-3.188028406404991,0,55.94547588678277,-3.187728406404991,null
51,55.94547588678277,-3.187728406404991,180,55.94547588678277,-3.188028406404991,null
52,55.94547588678277,-3.188028406404991,0,55.94547588678277,-3.187728406404991,null
53,55.94547588678277,-3.187728406404991,180,55.94547588678277,-3.188028406404991,null
54,55.94547588678277,-3.188028406404991,0,55.94547588678277,-3.187728406404991,null
55,55.94547588678277,-3.187728406404991,180,55.94547588678277,-3.188028406404991,null
56,55.94547588678277,-3.188028406404991,0,55.94547588678277,-3.187728406404991,null
57,55.94547588678277,-3.187728406404991,180,55.94547588678277,-3.188028406404991,null
58,55.94547588678277,-3.188028406404991,0,55.94547588678277,-3.187728406404991,null
59,55.94547588678277,-3.187728406404991,180,55.94547588678277,-3.188028406404991,null
60,55.94547588678277,-3.188028406404991,0,55.94547588678277,-3.187728406404991,null
61,55.94547588678277,-3.187728406404991,180,55.94547588678277,-3.188028406404991,null
62,55.94547588678277,-3.188028406404991,0,55.94547588678277,-3.187728406404991,null
63,55.94547588678277,-3.187728406404991,180,55.94547588678277,-3.188028406404991,null
64,55.94547588678277,-3.188028406404991,0,55.94547588678277,-3.187728406404991,null
65,55.94547588678277,-3.187728406404991,180,55.94547588678277,-3.188028406404991,null
66,55.94547588678277,-3.188028406404991,0,55.94547588678277,-3.187728406404991,null
67,55.94547588678277,-3.187728406404991,180,55.94547588678277,-3.188028406404991,null
68,55.94547588678277,-3.188028406404991,0,55.94547588678277,-3.187728406404991,null
69,55.94547588678277,-3.187728406404991,180,55.94547588678277,-3.188028406404991,null
70,55.94547588678277,-3.188028406404991,0,55.94547588678277,-3.187728406404991,null
71,55.94547588678277,-3.187728406404991,180,55.94547588678277,-3.188028406404991,null
72,55.94547588678277,-3.188028406404991,0,55.94547588678277,-3.187728406404991,null
73,55.94547588678277,-3.187728406404991,180,55.94547588678277,-3.188028406404991,null
74,55.94547588678277,-3.188028406404991,0,55.94547588678277,-3.187728406404991,null
75,55.94547588678277,-3.187728406404991,180,55.94547588678277,-3.188028406404991,null
76,55.94547588678277,-3.188028406404991,0,55.94547588678277,-3.187728406404991,null
77,55.94547588678277,-3.187728406404991,180,55.94547588678277,-3.188028406404991,null
78,55.94547588678277,-3.188028406404991,0,55.94547588678277,-3.187728406404991,null
79,55.94547588678277,-3.187728406404991,180,55.94547588678277,-3.188028406404991,null
80,55.94547588678277,-3.188028406404991,0,55.94547588678277,-3.187728406404991,null
81,55.94547588678277,-3.187728406404991,180,55.94547588678277,-3.188028406404991,null
82,55.94547588678277,-3.188028406404991,0,55.94547588678277,-3.187728406404991,null
83,55.94547588678277,-3.187728406404991,180,55.94547588678277,-3.188028406404991,null
84,55.94547588678277,-3.188028406404991,0,55.94547588678277,-3.187728406404991,null
85,55.94547588678277,-3.187728406404991,180,55.94547588678277,-3.188028406404991,null
86,55.94547588678277,-3.188028406404991,0,55.94547588678277,-3.187728406404991,null
87,55.94547588678277,-3.187728406404991,180,55.94547588678277,-3.188028406404991,null
88,55.94547588678277,-3.188028406404991,0,55.94547588678277,-3.187728406404991,null
89,55.94547588678277,-3.187728406404991,180,55.94547588678277,-3.188028406404991,null
90,55.94547588678277,-3.188028406404991,0,55.94547588678277,-3.187728406404991,null
91,55.94547588678277,-3.187728406404991,180,55.94547588678277,-3.188028406404991,null
92,55.94547588678277,-3.188028406404991,0,55.94547588678277,-3.187728406404991,null
93,55.94547588678277,-3.187728406404991,180,55.94547588678277,-3.188028406404991,null
94,55.94547588678277,-3.188028406404991,0,55.94547588678277,-3.187728406404991,null
95,55.94547588678277,-3.187728406404991,180,55.94547588678277,-3.188028406404991,null
96,55.94547588678277,-3.188028406404991,0,55.94547588678277,-3.187728406404991,null
97,55.94547588678277,-3.187728406404991,180,55.94547588678277,-3.188028406404991,null
98,55.94547588678277,-3.188028406404991,0,55.94547588678277,-3.187728406404991,null
99,55.94547588678277,-3.187728406404991,180,55.94547588678277,-3.188028406404991,null
100,55.94547588678277,-3.188028406404991,0,55.94547588678277,-3.187728406404991,null
101,55.94547588678277,-3.187728406404991,180,55.94547588678277,-3.188028406404991,null
102,55.94547588678277,-3.188028406404991,0,55.94547588678277,-3.187728406404991,null
103,55.94547588678277,-3.187728406404991,180,55.94547588678277,-3.188028406404991,null
104,55.94547588678277,-3.188028406404991,0,55.94547588678277,-3.187728406404991,null
105,55.94547588678277,-3.187728406404991,180,55.94547588678277,-3.188028406404991,null
106,55.94547588678277,-3.188028406404991,0,55.94547588678277,-3.187728406404991,null
107,55.94547588678277,-3.187728406404991,180,55.94547588678277,-3.188028406404991,null
108,55.94547588678277,-3.188028406404991,0,55.94547588678277,-3.187728406404991,null
109,55.94547588678277,-3.187728406404991,180,55.94547588678277,-3.188028406404991,null
110,55.94547588678277,-3.188028406404991,0,55.94547588678277,-3.187728406404991,null
111,55.94547588678277,-3.187728406404991,180,55.94547588678277,-3.188028406404991,null
112,55.94547588678277,-3.188028406404991,0,55.94547588678277,-3.187728406404991,null
113,55.94547588678277,-3.187728406404991,180,55.94547588678277,-3.188028406404991,null
114,55.94547588678277,-3.188028406404991,0,55.94547588678277,-3.187728406404991,null
115,55.94547588678277,-3.187728406404991,180,55.94547588678277,-3.188028406404991,null
116,55.94547588678277,-3.188028406404991,0,55.94547588678277,-3.187728406404991,null
117,55.94547588678277,-3.187728406404991,180,55.94547588678277,-3.188028406404991,null
118,55.94547588678277,-3.188028406404991,0,55.94547588678277,-3.187728406404991,null
119,55.94547588678277,-3.187728406404991,180,55.94547588678277,-3.188028406404991,null
120,55.94547588678277,-3.188028406404991,0,55.94547588678277,-3.187728406404991,null
121,55.94547588678277,-3.187728406404991,180,55.94547588678277,-3.188028406404991,null
122,55.94547588678277,-3.188028406404991,0,55.94547588678277,-3.187728406404991,null
123,55.94547588678277,-3.187728406404991,180,55.94547588678277,-3.188028406404991,null
124,55.94547588678277,-3.188028406404991,0,55.94547588678277,-3.187728406404991,null
125,55.94547588678277,-3.187728406404991,180,55.94547588678277,-3.188028406404991,null
126,55.94547588678277,-3.188028406404991,0,55.94547588678277,-3.187728406404991,null
127,55.94547588678277,-3.187728406404991,180,55.94547588678277,-3.188028406404991,null
128,55.94547588678277,-3.188028406404991,0,55.94547588678277,-3.187728406404991,null
129,55.94547588678277,-3.187728406404991,180,55.94547588678277,-3.188028406404991,null
130,55.94547588678277,-3.188028406404991,0,55.94547588678277,-3.187728406404991,null
131,55.94547588678277,-3.187728406404991,180,55.94547588678277,-3.188028406404991,null
132,55.94547588678277,-3.188028406404991,0,55.94547588678277,-3.187728406404991,null
133,55.94547588678277,-3.187728406404991,180,55.94547588678277,-3.188028406404991,null
134,55.94547588678277,-3.188028406404991,0,55.94547588678277,-3.187728406404991,null
135,55.94547588678277,-3.187728406404991,180,55.94547588678277,-3.188028406404991,null
136,55.94547588678277,-3.188028406404991,0,55.94547588678277,-3.187728406404991,null
137,55.94547588678277,-3.187728406404991,180,55.94547588678277,-3.188028406404991,null
138,55.94547588678277,-3.188028406404991,0,55.94547588678277,-3.187728406404991,null
139,55.94547588678277,-3.187728406404991,180,55.94547588678277,-3.188028406404991,null
140,55.94547588678277,-3.188028406404991,0,55.94547588678277,-3.187728406404991,null
141,55.94547588678277,-3.187728406404991,180,55.94547588678277,-3.188028406404991,null
142,55.94547588678277,-3.188028406404991,0,55.94547588678277,-3.187728406404991,null
143,55.94547588678277,-3.187728406404991,180,55.94547588678277,-3.188028406404991,null
144,55.94547588678277,-3.188028406404991,0,55.94547588678277,-3.187728406404991,null
145,55.94547588678277,-3.187728406404991,180,55.94547588678277,-3.188028406404991,null
146,55.94547588678277,-3.188028406404991,0,55.94547588678277,-3.187728406404991,null
147,55.94547588678277,-3.187728406404991,180,55.94547588678277,-3.188028406404991,null
148,55.94547588678277,-3.188028406404991,0,55.94547588678277,-3.187728406404991,null
149,55.94547588678277,-3.187728406404991,180,55.94547588678277,-3.188028406404991,null
150,55.94547588678277,-3.188028406404991,0,55.94547588678277,-3.187728406404991,null
