1,-3.188396,55.944425,350,-3.188100557674096,55.9443729055467,null
2,-3.188100557674096,55.9443729055467,0,-3.187800557674096,55.9443729055467,thank.salsa.brain
3,-3.187800557674096,55.9443729055467,300,-3.187650557674096,55.944113097925566,bound.ends.matter
4,-3.187650557674096,55.944113097925566,40,-3.18742074434116,55.94430593420847,null
5,-3.18742074434116,55.94430593420847,50,-3.1872279080582544,55.94453574754141,only.fairly.rift
6,-3.1872279080582544,55.94453574754141,0,-3.186927908058254,55.94453574754141,artist.gets.react
7,-3.186927908058254,55.94453574754141,40,-3.1866980947253185,55.944728583824315,null
8,-3.1866980947253185,55.944728583824315,40,-3.186468281392383,55.94492142010722,laws.merit.bleak
9,-3.186468281392383,55.94492142010722,130,-3.1866611176752886,55.94515123344016,null
10,-3.1866611176752886,55.94515123344016,130,-3.1868539539581944,55.94538104677309,spent.spoon.bolt
11,-3.1868539539581944,55.94538104677309,60,-3.1867039539581943,55.94564085439423,hidden.handle.softly
12,-3.1867039539581943,55.94564085439423,10,-3.1864085116322904,55.94569294884753,posts.kicked.universally
13,-3.1864085116322904,55.94569294884753,30,-3.186148704011155,55.94584294884753,null
14,-3.186148704011155,55.94584294884753,30,-3.1858888963900194,55.945992948847525,renew.slows.basket
15,-3.1858888963900194,55.945992948847525,10,-3.1855934540641155,55.94604504330083,null
16,-3.1855934540641155,55.94604504330083,20,-3.18531154627788,55.94614764934383,prime.rent.silk
17,-3.18531154627788,55.94614764934383,310,-3.185118709994974,55.94591783601089,rider.aura.bulb
18,-3.185118709994974,55.94591783601089,310,-3.1849258737120683,55.945688022677956,null
19,-3.1849258737120683,55.945688022677956,310,-3.1847330374291625,55.94545820934502,null
20,-3.1847330374291625,55.94545820934502,320,-3.1845032240962268,55.945265373062114,settle.title.united
21,-3.1845032240962268,55.945265373062114,210,-3.1847630317173623,55.945115373062116,null
22,-3.1847630317173623,55.945115373062116,210,-3.185022839338498,55.94496537306212,null
23,-3.185022839338498,55.94496537306212,220,-3.1852526526714335,55.94477253677921,null
24,-3.1852526526714335,55.94477253677921,220,-3.1854824660043692,55.944579700496305,null
25,-3.1854824660043692,55.944579700496305,220,-3.185712279337305,55.9443868642134,atoms.vanish.foods
26,-3.185712279337305,55.9443868642134,330,-3.1854524717161694,55.9442368642134,null
27,-3.1854524717161694,55.9442368642134,330,-3.185192664095034,55.9440868642134,null
28,-3.185192664095034,55.9440868642134,330,-3.1849328564738983,55.943936864213406,null
29,-3.1849328564738983,55.943936864213406,340,-3.1846509486876626,55.943834258170405,rider.mile.lime
30,-3.1846509486876626,55.943834258170405,250,-3.1847535547306602,55.94355235038417,null
31,-3.1847535547306602,55.94355235038417,260,-3.1848056491839603,55.94325690805826,brings.remedy.latter
32,-3.1848056491839603,55.94325690805826,190,-3.185101091509864,55.94320481360496,null
33,-3.185101091509864,55.94320481360496,190,-3.185396533835768,55.943152719151655,null
34,-3.185396533835768,55.943152719151655,200,-3.1856784416220036,55.943050113108654,toned.deflection.bland
35,-3.1856784416220036,55.943050113108654,180,-3.185978441622004,55.943050113108654,null
36,-3.185978441622004,55.943050113108654,190,-3.1862738839479077,55.94299801865535,hers.banks.goat
37,-3.1862738839479077,55.94299801865535,50,-3.186081047665002,55.94322783198829,null
38,-3.186081047665002,55.94322783198829,50,-3.185888211382096,55.943457645321224,record.sofa.sock
39,-3.185888211382096,55.943457645321224,180,-3.1861882113820963,55.943457645321224,null
40,-3.1861882113820963,55.943457645321224,180,-3.1864882113820965,55.943457645321224,null
41,-3.1864882113820965,55.943457645321224,180,-3.1867882113820967,55.943457645321224,null
42,-3.1867882113820967,55.943457645321224,190,-3.1870836537080005,55.94340555086792,null
43,-3.1870836537080005,55.94340555086792,190,-3.1873790960339043,55.94335345641462,null
44,-3.1873790960339043,55.94335345641462,190,-3.187674538359808,55.94330136196132,gums.clock.modes
45,-3.187674538359808,55.94330136196132,190,-3.187969980685712,55.943249267508016,null
46,-3.187969980685712,55.943249267508016,190,-3.188265423011616,55.94319717305471,null
47,-3.188265423011616,55.94319717305471,190,-3.1885608653375197,55.94314507860141,groups.ideas.script
48,-3.1885608653375197,55.94314507860141,160,-3.1888427731237554,55.94324768464441,null
49,-3.1888427731237554,55.94324768464441,170,-3.1891382154496593,55.943299779097714,null
50,-3.1891382154496593,55.943299779097714,170,-3.189433657775563,55.943351873551016,null
51,-3.189433657775563,55.943351873551016,170,-3.189729100101467,55.94340396800432,null
52,-3.189729100101467,55.94340396800432,170,-3.1900245424273708,55.94345606245762,arts.dish.scarcely
53,-3.1900245424273708,55.94345606245762,220,-3.1902543557603065,55.943263226174714,null
54,-3.1902543557603065,55.943263226174714,230,-3.1904471920432123,55.94303341284178,null
55,-3.1904471920432123,55.94303341284178,230,-3.190640028326118,55.94280359950884,tonic.bliss.cove
56,-3.190640028326118,55.94280359950884,180,-3.1909400283261182,55.94280359950884,null
57,-3.1909400283261182,55.94280359950884,190,-3.191235470652022,55.94275150505554,along.spill.limp
58,-3.191235470652022,55.94275150505554,80,-3.191183376198722,55.94304694738145,null
59,-3.191183376198722,55.94304694738145,80,-3.191131281745422,55.943342389707354,null
60,-3.191131281745422,55.943342389707354,80,-3.191079187292122,55.94363783203326,null
61,-3.191079187292122,55.94363783203326,90,-3.191079187292122,55.943937832033264,spicy.bunch.shady
62,-3.191079187292122,55.943937832033264,80,-3.191027092838822,55.94423327435917,null
63,-3.191027092838822,55.94423327435917,100,-3.191079187292122,55.94452871668508,paying.crowd.weep
64,-3.191079187292122,55.94452871668508,120,-3.191229187292122,55.94478852430621,null
65,-3.191229187292122,55.94478852430621,130,-3.191422023575028,55.94501833763915,null
66,-3.191422023575028,55.94501833763915,130,-3.1916148598579337,55.945248150972084,hills.feels.tunes
67,-3.1916148598579337,55.945248150972084,0,-3.1913148598579335,55.945248150972084,null
68,-3.1913148598579335,55.945248150972084,10,-3.1910194175320297,55.945300245425386,null
69,-3.1910194175320297,55.945300245425386,10,-3.190723975206126,55.94535233987869,null
70,-3.190723975206126,55.94535233987869,10,-3.190428532880222,55.94540443433199,null
71,-3.190428532880222,55.94540443433199,0,-3.190128532880222,55.94540443433199,null
72,-3.190128532880222,55.94540443433199,10,-3.189833090554318,55.94545652878529,turkey.limit.ramp
73,-3.189833090554318,55.94545652878529,100,-3.189885185007618,55.9457519711112,null
74,-3.189885185007618,55.9457519711112,100,-3.189937279460918,55.94604741343711,love.behind.orchestra
75,-3.189937279460918,55.94604741343711,340,-3.1896553716746823,55.945944807394106,null
76,-3.1896553716746823,55.945944807394106,340,-3.1893734638884466,55.945842201351105,null
77,-3.1893734638884466,55.945842201351105,340,-3.189091556102211,55.945739595308105,stops.else.chats
78,-3.189091556102211,55.945739595308105,310,-3.188898719819305,55.94550978197517,shady.soft.phones
79,-3.188898719819305,55.94550978197517,0,-3.188598719819305,55.94550978197517,null
80,-3.188598719819305,55.94550978197517,0,-3.1882987198193047,55.94550978197517,skills.less.herb
81,-3.1882987198193047,55.94550978197517,200,-3.1885806276055404,55.94540717593217,null
82,-3.1885806276055404,55.94540717593217,200,-3.188862535391776,55.94530456988917,null
83,-3.188862535391776,55.94530456988917,210,-3.1891223430129116,55.94515456988917,number.exist.rate
84,-3.1891223430129116,55.94515456988917,20,-3.188840435226676,55.94525717593217,null
85,-3.188840435226676,55.94525717593217,20,-3.18855852744044,55.94535978197517,null
86,-3.18855852744044,55.94535978197517,20,-3.1882766196542045,55.94546238801817,null
87,-3.1882766196542045,55.94546238801817,30,-3.188016812033069,55.94561238801817,null
88,-3.188016812033069,55.94561238801817,20,-3.1877349042468333,55.94571499406117,null
89,-3.1877349042468333,55.94571499406117,30,-3.1874750966256977,55.94586499406117,slips.mass.baking
90,-3.1874750966256977,55.94586499406117,230,-3.1876679329086035,55.94563518072823,null
91,-3.1876679329086035,55.94563518072823,210,-3.187927740529739,55.945485180728234,null
92,-3.187927740529739,55.945485180728234,200,-3.1882096483159748,55.94538257468523,null
93,-3.1882096483159748,55.94538257468523,250,-3.1883122543589724,55.945100666898995,null
94,-3.1883122543589724,55.945100666898995,260,-3.1883643488122724,55.94480522457309,null
95,-3.1883643488122724,55.94480522457309,260,-3.1884164432655724,55.94450978224718,null
